1000
16866
987 990 0.06469000
990 987 0.06469000
984 986 0.03770000
986 984 0.03770000
983 988 0.06158000
988 983 0.06158000
981 997 0.05808000
997 981 0.05808000
979 993 0.05028000
993 979 0.05028000
977 992 0.05575000
992 977 0.05575000
975 978 0.02590000
978 975 0.02590000
974 998 0.06373000
998 974 0.06373000
973 984 0.06512000
984 973 0.06512000
973 986 0.07181000
986 973 0.07181000
973 995 0.06798000
995 973 0.06798000
971 985 0.04048000
985 971 0.04048000
969 970 0.06807000
970 969 0.06807000
966 968 0.06213000
968 966 0.06213000
966 995 0.04364000
995 966 0.04364000
963 968 0.06970000
968 963 0.06970000
961 967 0.07440000
967 961 0.07440000
961 991 0.03901000
991 961 0.03901000
956 999 0.06462000
999 956 0.06462000
952 994 0.02873000
994 952 0.02873000
948 987 0.01489000
987 948 0.01489000
947 959 0.07469000
959 947 0.07469000
947 974 0.06580000
974 947 0.06580000
947 998 0.03188000
998 947 0.03188000
946 990 0.01906000
990 946 0.01906000
944 947 0.03825000
947 944 0.03825000
944 974 0.02764000
974 944 0.02764000
944 998 0.04288000
998 944 0.04288000
943 945 0.02586000
945 943 0.02586000
942 979 0.01027000
979 942 0.01027000
942 993 0.04583000
993 942 0.04583000
938 961 0.07417000
961 938 0.07417000
938 991 0.03525000
991 938 0.03525000
936 965 0.04994000
965 936 0.04994000
935 943 0.01266000
943 935 0.01266000
935 945 0.03619000
945 935 0.03619000
933 944 0.02367000
944 933 0.02367000
933 947 0.02216000
947 933 0.02216000
933 974 0.04848000
974 933 0.04848000
933 998 0.02065000
998 933 0.02065000
932 934 0.02981000
934 932 0.02981000
931 945 0.07309000
945 931 0.07309000
931 958 0.06016000
958 931 0.06016000
930 996 0.06125000
996 930 0.06125000
929 949 0.06134000
949 929 0.06134000
929 982 0.03239000
982 929 0.03239000
928 988 0.06494000
988 928 0.06494000
927 946 0.06891000
946 927 0.06891000
926 994 0.06692000
994 926 0.06692000
925 960 0.01951000
960 925 0.01951000
924 975 0.05714000
975 924 0.05714000
924 978 0.05258000
978 924 0.05258000
923 946 0.04998000
946 923 0.04998000
923 969 0.06000000
969 923 0.06000000
923 987 0.06068000
987 923 0.06068000
923 990 0.03152000
990 923 0.03152000
922 981 0.02690000
981 922 0.02690000
922 997 0.03288000
997 922 0.03288000
921 989 0.02107000
989 921 0.02107000
919 929 0.06636000
929 919 0.06636000
919 949 0.05455000
949 919 0.05455000
919 982 0.06103000
982 919 0.06103000
918 927 0.03727000
927 918 0.03727000
918 952 0.05446000
952 918 0.05446000
918 994 0.03860000
994 918 0.03860000
916 950 0.05051000
950 916 0.05051000
914 928 0.05594000
928 914 0.05594000
914 983 0.05423000
983 914 0.05423000
914 988 0.02410000
988 914 0.02410000
913 933 0.07346000
933 913 0.07346000
913 944 0.05709000
944 913 0.05709000
913 947 0.07063000
947 913 0.07063000
913 974 0.06458000
974 913 0.06458000
912 931 0.03287000
931 912 0.03287000
912 945 0.06818000
945 912 0.06818000
912 958 0.07395000
958 912 0.07395000
912 997 0.05270000
997 912 0.05270000
911 925 0.02444000
925 911 0.02444000
911 960 0.02365000
960 911 0.02365000
910 976 0.01405000
976 910 0.01405000
909 966 0.02532000
966 909 0.02532000
909 968 0.04773000
968 909 0.04773000
909 995 0.04005000
995 909 0.04005000
908 988 0.06062000
988 908 0.06062000
907 934 0.07120000
934 907 0.07120000
907 981 0.05675000
981 907 0.05675000
906 919 0.05184000
919 906 0.05184000
906 929 0.03396000
929 906 0.03396000
906 949 0.02738000
949 906 0.02738000
906 982 0.05651000
982 906 0.05651000
905 939 0.07030000
939 905 0.07030000
904 923 0.06418000
923 904 0.06418000
904 946 0.05884000
946 904 0.05884000
904 948 0.03987000
948 904 0.03987000
904 987 0.03137000
987 904 0.03137000
904 990 0.05213000
990 904 0.05213000
902 928 0.05429000
928 902 0.05429000
901 919 0.05007000
919 901 0.05007000
901 954 0.06697000
954 901 0.06697000
900 940 0.07163000
940 900 0.07163000
899 909 0.03701000
909 899 0.03701000
899 966 0.02545000
966 899 0.02545000
899 984 0.06417000
984 899 0.06417000
899 995 0.02462000
995 899 0.02462000
898 917 0.05110000
917 898 0.05110000
898 964 0.06846000
964 898 0.06846000
897 913 0.03854000
913 897 0.03854000
897 933 0.03840000
933 897 0.03840000
897 944 0.03211000
944 897 0.03211000
897 947 0.03209000
947 897 0.03209000
897 974 0.05477000
974 897 0.05477000
897 998 0.05756000
998 897 0.05756000
896 983 0.05029000
983 896 0.05029000
895 897 0.04983000
897 895 0.04983000
895 913 0.04510000
913 895 0.04510000
895 947 0.07137000
947 895 0.07137000
894 965 0.04964000
965 894 0.04964000
892 977 0.03879000
977 892 0.03879000
891 952 0.06905000
952 891 0.06905000
890 907 0.03488000
907 890 0.03488000
890 959 0.05917000
959 890 0.05917000
889 930 0.05244000
930 889 0.05244000
889 996 0.05049000
996 889 0.05049000
888 890 0.06937000
890 888 0.06937000
888 959 0.02389000
959 888 0.02389000
887 892 0.04066000
892 887 0.04066000
887 898 0.04044000
898 887 0.04044000
887 917 0.05621000
917 887 0.05621000
887 964 0.05971000
964 887 0.05971000
886 894 0.02442000
894 886 0.02442000
886 965 0.06260000
965 886 0.06260000
885 936 0.07391000
936 885 0.07391000
885 937 0.07184000
937 885 0.07184000
884 911 0.04981000
911 884 0.04981000
884 925 0.02827000
925 884 0.02827000
884 960 0.04662000
960 884 0.04662000
883 891 0.07287000
891 883 0.07287000
883 911 0.02857000
911 883 0.02857000
883 925 0.05264000
925 883 0.05264000
883 960 0.04495000
960 883 0.04495000
882 895 0.03114000
895 882 0.03114000
882 897 0.04636000
897 882 0.04636000
882 913 0.01806000
913 882 0.01806000
882 944 0.07128000
944 882 0.07128000
881 923 0.03720000
923 881 0.03720000
881 969 0.02309000
969 881 0.02309000
881 987 0.06648000
987 881 0.06648000
881 990 0.06809000
990 881 0.06809000
879 941 0.04723000
941 879 0.04723000
878 920 0.04201000
920 878 0.04201000
878 922 0.05067000
922 878 0.05067000
878 981 0.04148000
981 878 0.04148000
878 997 0.06394000
997 878 0.06394000
877 882 0.03345000
882 877 0.03345000
877 895 0.01697000
895 877 0.01697000
877 897 0.06480000
897 877 0.06480000
877 913 0.05089000
913 877 0.05089000
876 900 0.06325000
900 876 0.06325000
876 940 0.06158000
940 876 0.06158000
875 956 0.04668000
956 875 0.04668000
875 964 0.04964000
964 875 0.04964000
874 886 0.03409000
886 874 0.03409000
874 894 0.04498000
894 874 0.04498000
874 905 0.05611000
905 874 0.05611000
873 982 0.05854000
982 873 0.05854000
872 970 0.04155000
970 872 0.04155000
871 962 0.07477000
962 871 0.07477000
870 906 0.05748000
906 870 0.05748000
870 929 0.03841000
929 870 0.03841000
870 982 0.06619000
982 870 0.06619000
869 909 0.05309000
909 869 0.05309000
869 921 0.06900000
921 869 0.06900000
869 968 0.07101000
968 869 0.07101000
869 995 0.05908000
995 869 0.05908000
868 940 0.03140000
940 868 0.03140000
867 985 0.06177000
985 867 0.06177000
866 924 0.04869000
924 866 0.04869000
866 975 0.02406000
975 866 0.02406000
866 978 0.00436000
978 866 0.00436000
865 916 0.03303000
916 865 0.03303000
865 950 0.04448000
950 865 0.04448000
864 905 0.07312000
905 864 0.07312000
863 876 0.06491000
876 863 0.06491000
862 967 0.02900000
967 862 0.02900000
861 974 0.07324000
974 861 0.07324000
860 890 0.07415000
890 860 0.07415000
860 907 0.06759000
907 860 0.06759000
860 932 0.03411000
932 860 0.03411000
860 934 0.00536000
934 860 0.00536000
859 871 0.03890000
871 859 0.03890000
859 891 0.06291000
891 859 0.06291000
858 892 0.04445000
892 858 0.04445000
858 977 0.02819000
977 858 0.02819000
858 992 0.05661000
992 858 0.05661000
857 908 0.06021000
908 857 0.06021000
856 875 0.05754000
875 856 0.05754000
856 953 0.06917000
953 856 0.06917000
856 956 0.06463000
956 856 0.06463000
856 964 0.06773000
964 856 0.06773000
855 883 0.07222000
883 855 0.07222000
855 884 0.06073000
884 855 0.06073000
855 911 0.05900000
911 855 0.05900000
855 925 0.06299000
925 855 0.06299000
855 926 0.04750000
926 855 0.04750000
854 889 0.07398000
889 854 0.07398000
854 924 0.07065000
924 854 0.07065000
853 877 0.05421000
877 853 0.05421000
853 895 0.07042000
895 853 0.07042000
853 920 0.04100000
920 853 0.04100000
852 901 0.02406000
901 852 0.02406000
852 919 0.07154000
919 852 0.07154000
852 954 0.05513000
954 852 0.05513000
851 910 0.03506000
910 851 0.03506000
851 921 0.07023000
921 851 0.07023000
851 976 0.04478000
976 851 0.04478000
851 989 0.05090000
989 851 0.05090000
850 852 0.04171000
852 850 0.04171000
850 901 0.04185000
901 850 0.04185000
850 919 0.05604000
919 850 0.05604000
850 949 0.06845000
949 850 0.06845000
850 954 0.03218000
954 850 0.03218000
849 951 0.06972000
951 849 0.06972000
848 893 0.07471000
893 848 0.07471000
846 923 0.06974000
923 846 0.06974000
846 946 0.05840000
946 846 0.05840000
846 990 0.06177000
990 846 0.06177000
845 861 0.06191000
861 845 0.06191000
845 915 0.01930000
915 845 0.01930000
844 866 0.03424000
866 844 0.03424000
844 924 0.04632000
924 844 0.04632000
844 975 0.05768000
975 844 0.05768000
844 978 0.03427000
978 844 0.03427000
843 863 0.04521000
863 843 0.04521000
843 876 0.02672000
876 843 0.02672000
841 930 0.04375000
930 841 0.04375000
841 996 0.04736000
996 841 0.04736000
840 855 0.04726000
855 840 0.04726000
840 883 0.02672000
883 840 0.02672000
840 884 0.07080000
884 840 0.07080000
840 891 0.07247000
891 840 0.07247000
840 911 0.03118000
911 840 0.03118000
840 925 0.05243000
925 840 0.05243000
840 926 0.06027000
926 840 0.06027000
840 960 0.05467000
960 840 0.05467000
839 899 0.06224000
899 839 0.06224000
839 973 0.05214000
973 839 0.05214000
839 984 0.01299000
984 839 0.01299000
839 986 0.03806000
986 839 0.03806000
839 995 0.07140000
995 839 0.07140000
838 880 0.05879000
880 838 0.05879000
838 903 0.05996000
903 838 0.05996000
837 889 0.07130000
889 837 0.07130000
837 961 0.07242000
961 837 0.07242000
837 996 0.04234000
996 837 0.04234000
836 839 0.06119000
839 836 0.06119000
836 984 0.05859000
984 836 0.05859000
836 986 0.02370000
986 836 0.02370000
835 862 0.05968000
862 835 0.05968000
835 967 0.06296000
967 835 0.06296000
833 888 0.02748000
888 833 0.02748000
833 890 0.04744000
890 833 0.04744000
833 907 0.07495000
907 833 0.07495000
833 959 0.01202000
959 833 0.01202000
832 842 0.02813000
842 832 0.02813000
832 975 0.07243000
975 832 0.07243000
831 851 0.06697000
851 831 0.06697000
831 910 0.03604000
910 831 0.03604000
831 976 0.02274000
976 831 0.02274000
830 874 0.02388000
874 830 0.02388000
830 886 0.05615000
886 830 0.05615000
830 894 0.06883000
894 830 0.06883000
830 905 0.04209000
905 830 0.04209000
829 837 0.06878000
837 829 0.06878000
829 841 0.02245000
841 829 0.02245000
829 889 0.07328000
889 829 0.07328000
829 930 0.05822000
930 829 0.05822000
829 996 0.03179000
996 829 0.03179000
828 955 0.03996000
955 828 0.03996000
827 854 0.03016000
854 827 0.03016000
827 889 0.07252000
889 827 0.07252000
825 905 0.04301000
905 825 0.04301000
825 939 0.05150000
939 825 0.05150000
825 953 0.06519000
953 825 0.06519000
824 850 0.05174000
850 824 0.05174000
824 852 0.03845000
852 824 0.03845000
824 901 0.01483000
901 824 0.01483000
824 919 0.04214000
919 824 0.04214000
823 843 0.06075000
843 823 0.06075000
823 863 0.06523000
863 823 0.06523000
823 876 0.04935000
876 823 0.04935000
823 900 0.02344000
900 823 0.02344000
822 879 0.05936000
879 822 0.05936000
822 941 0.01505000
941 822 0.01505000
821 874 0.05360000
874 821 0.05360000
821 886 0.03636000
886 821 0.03636000
821 894 0.01194000
894 821 0.01194000
821 965 0.04684000
965 821 0.04684000
820 912 0.06077000
912 820 0.06077000
820 931 0.02799000
931 820 0.02799000
820 958 0.06404000
958 820 0.06404000
819 881 0.06534000
881 819 0.06534000
819 904 0.03021000
904 819 0.03021000
819 923 0.03646000
923 819 0.03646000
819 946 0.03616000
946 819 0.03616000
819 948 0.05648000
948 819 0.05648000
819 987 0.04227000
987 819 0.04227000
819 990 0.02339000
990 819 0.02339000
818 859 0.06296000
859 818 0.06296000
818 871 0.04344000
871 818 0.04344000
818 962 0.03215000
962 818 0.03215000
817 912 0.03353000
912 817 0.03353000
817 931 0.05626000
931 817 0.05626000
817 935 0.07028000
935 817 0.07028000
817 943 0.06469000
943 817 0.06469000
817 945 0.04295000
945 817 0.04295000
817 997 0.06258000
997 817 0.06258000
816 846 0.04014000
846 816 0.04014000
816 918 0.04480000
918 816 0.04480000
816 927 0.06032000
927 816 0.06032000
816 946 0.07065000
946 816 0.07065000
816 952 0.05008000
952 816 0.05008000
816 994 0.05911000
994 816 0.05911000
815 902 0.06735000
902 815 0.06735000
815 980 0.05106000
980 815 0.05106000
814 822 0.04567000
822 814 0.04567000
814 941 0.06063000
941 814 0.06063000
814 963 0.06589000
963 814 0.06589000
813 868 0.06315000
868 813 0.06315000
812 831 0.01970000
831 812 0.01970000
812 851 0.07464000
851 812 0.07464000
812 910 0.04995000
910 812 0.04995000
812 976 0.03595000
976 812 0.03595000
811 935 0.05002000
935 811 0.05002000
811 943 0.06268000
943 811 0.06268000
810 824 0.05537000
824 810 0.05537000
810 852 0.03980000
852 810 0.03980000
810 863 0.04856000
863 810 0.04856000
810 901 0.04888000
901 810 0.04888000
809 825 0.06315000
825 809 0.06315000
809 830 0.06072000
830 809 0.06072000
809 864 0.04423000
864 809 0.04423000
809 905 0.02941000
905 809 0.02941000
809 939 0.06801000
939 809 0.06801000
808 824 0.06560000
824 808 0.06560000
808 906 0.04336000
906 808 0.04336000
808 919 0.02856000
919 808 0.02856000
808 929 0.04272000
929 808 0.04272000
808 949 0.05998000
949 808 0.05998000
808 982 0.03253000
982 808 0.03253000
807 972 0.02055000
972 807 0.02055000
806 817 0.06756000
817 806 0.06756000
806 878 0.07083000
878 806 0.07083000
806 912 0.04886000
912 806 0.04886000
806 922 0.04892000
922 806 0.04892000
806 981 0.07270000
981 806 0.07270000
806 997 0.01676000
997 806 0.01676000
805 814 0.04254000
814 805 0.04254000
804 872 0.04770000
872 804 0.04770000
804 948 0.05106000
948 804 0.05106000
804 987 0.06532000
987 804 0.06532000
803 881 0.07010000
881 803 0.07010000
803 969 0.04701000
969 803 0.04701000
803 970 0.04201000
970 803 0.04201000
802 983 0.04903000
983 802 0.04903000
801 860 0.03185000
860 801 0.03185000
801 890 0.06470000
890 801 0.06470000
801 907 0.07395000
907 801 0.07395000
801 932 0.05301000
932 801 0.05301000
801 934 0.03616000
934 801 0.03616000
801 973 0.05818000
973 801 0.05818000
800 827 0.04595000
827 800 0.04595000
800 854 0.01693000
854 800 0.01693000
800 924 0.05634000
924 800 0.05634000
799 809 0.03319000
809 799 0.03319000
799 825 0.04149000
825 799 0.04149000
799 864 0.05685000
864 799 0.05685000
799 905 0.03718000
905 799 0.03718000
799 939 0.03570000
939 799 0.03570000
798 818 0.05168000
818 798 0.05168000
798 859 0.03802000
859 798 0.03802000
798 871 0.00824000
871 798 0.00824000
797 802 0.04760000
802 797 0.04760000
797 830 0.05217000
830 797 0.05217000
797 874 0.06422000
874 797 0.06422000
796 834 0.05698000
834 796 0.05698000
795 916 0.06779000
916 795 0.06779000
795 950 0.05019000
950 795 0.05019000
795 977 0.05807000
977 795 0.05807000
795 992 0.07146000
992 795 0.07146000
794 848 0.07418000
848 794 0.07418000
794 937 0.06707000
937 794 0.06707000
793 832 0.05167000
832 793 0.05167000
793 866 0.04735000
866 793 0.04735000
793 975 0.03493000
975 793 0.03493000
793 978 0.04567000
978 793 0.04567000
792 848 0.04852000
848 792 0.04852000
792 893 0.02626000
893 792 0.02626000
791 867 0.04690000
867 791 0.04690000
790 845 0.05458000
845 790 0.05458000
790 861 0.03531000
861 790 0.03531000
790 915 0.06420000
915 790 0.06420000
790 974 0.04779000
974 790 0.04779000
789 836 0.06684000
836 789 0.06684000
789 839 0.01003000
839 789 0.01003000
789 899 0.06032000
899 789 0.06032000
789 973 0.04230000
973 789 0.04230000
789 984 0.02287000
984 789 0.02287000
789 986 0.04317000
986 789 0.04317000
789 995 0.06611000
995 789 0.06611000
788 803 0.02928000
803 788 0.02928000
788 872 0.06988000
872 788 0.06988000
788 969 0.07373000
969 788 0.07373000
788 970 0.03216000
970 788 0.03216000
787 870 0.04439000
870 787 0.04439000
786 887 0.01898000
887 786 0.01898000
786 892 0.03585000
892 786 0.03585000
786 898 0.05483000
898 786 0.05483000
786 917 0.07486000
917 786 0.07486000
786 964 0.04885000
964 786 0.04885000
786 977 0.07171000
977 786 0.07171000
785 820 0.02927000
820 785 0.02927000
785 931 0.05230000
931 785 0.05230000
785 958 0.05687000
958 785 0.05687000
784 808 0.07481000
808 784 0.07481000
784 850 0.05672000
850 784 0.05672000
784 906 0.04794000
906 784 0.04794000
784 919 0.06186000
919 784 0.06186000
784 949 0.02072000
949 784 0.02072000
784 954 0.07207000
954 784 0.07207000
783 807 0.01378000
807 783 0.01378000
783 972 0.03186000
972 783 0.03186000
782 794 0.05188000
794 782 0.05188000
782 848 0.04780000
848 782 0.04780000
782 951 0.03947000
951 782 0.03947000
781 802 0.04819000
802 781 0.04819000
781 908 0.06675000
908 781 0.06675000
781 914 0.04711000
914 781 0.04711000
781 983 0.02798000
983 781 0.02798000
781 988 0.04285000
988 781 0.04285000
780 788 0.03882000
788 780 0.03882000
780 803 0.06547000
803 780 0.06547000
780 872 0.04756000
872 780 0.04756000
780 970 0.03679000
970 780 0.03679000
780 980 0.07081000
980 780 0.07081000
779 942 0.04688000
942 779 0.04688000
779 979 0.05227000
979 779 0.05227000
779 993 0.00532000
993 779 0.00532000
778 799 0.01555000
799 778 0.01555000
778 809 0.04523000
809 778 0.04523000
778 825 0.04947000
825 778 0.04947000
778 864 0.05680000
864 778 0.05680000
778 905 0.05273000
905 778 0.05273000
778 939 0.02329000
939 778 0.02329000
777 786 0.05991000
786 777 0.05991000
777 795 0.05610000
795 777 0.05610000
777 875 0.07386000
875 777 0.07386000
777 892 0.05966000
892 777 0.05966000
777 964 0.07137000
964 777 0.07137000
777 977 0.06209000
977 777 0.06209000
776 784 0.05087000
784 776 0.05087000
776 808 0.06678000
808 776 0.06678000
776 824 0.04307000
824 776 0.04307000
776 850 0.01698000
850 776 0.01698000
776 852 0.04714000
852 776 0.04714000
776 901 0.03776000
901 776 0.03776000
776 906 0.07213000
906 776 0.07213000
776 919 0.03915000
919 776 0.03915000
776 949 0.05790000
949 776 0.05790000
776 954 0.04885000
954 776 0.04885000
775 789 0.02137000
789 775 0.02137000
775 836 0.07444000
836 775 0.07444000
775 839 0.01685000
839 775 0.01685000
775 899 0.04800000
899 775 0.04800000
775 966 0.06666000
966 775 0.06666000
775 973 0.06057000
973 775 0.06057000
775 984 0.01631000
984 775 0.01631000
775 986 0.05255000
986 775 0.05255000
775 995 0.06132000
995 775 0.06132000
773 790 0.05886000
790 773 0.05886000
773 845 0.04764000
845 773 0.04764000
773 915 0.03557000
915 773 0.03557000
771 811 0.04471000
811 771 0.04471000
771 932 0.06779000
932 771 0.06779000
770 936 0.06957000
936 770 0.06957000
769 818 0.05751000
818 769 0.05751000
769 871 0.07412000
871 769 0.07412000
769 880 0.03854000
880 769 0.03854000
769 962 0.05518000
962 769 0.05518000
768 781 0.02741000
781 768 0.02741000
768 802 0.06500000
802 768 0.06500000
768 908 0.04048000
908 768 0.04048000
768 914 0.05048000
914 768 0.05048000
768 983 0.05515000
983 768 0.05515000
768 988 0.03282000
988 768 0.03282000
767 860 0.05435000
860 767 0.05435000
767 907 0.07467000
907 767 0.07467000
767 922 0.06792000
922 767 0.06792000
767 932 0.06413000
932 767 0.06413000
767 934 0.05155000
934 767 0.05155000
767 981 0.07011000
981 767 0.07011000
766 833 0.04075000
833 766 0.04075000
766 888 0.02784000
888 766 0.02784000
766 890 0.06306000
890 766 0.06306000
766 959 0.04502000
959 766 0.04502000
765 815 0.03521000
815 765 0.03521000
765 980 0.01596000
980 765 0.01596000
764 783 0.03675000
783 764 0.03675000
764 807 0.02523000
807 764 0.02523000
764 972 0.00489000
972 764 0.00489000
763 793 0.05711000
793 763 0.05711000
763 800 0.06138000
800 763 0.06138000
763 844 0.04900000
844 763 0.04900000
763 866 0.02545000
866 763 0.02545000
763 924 0.03525000
924 763 0.03525000
763 975 0.02232000
975 763 0.02232000
763 978 0.02967000
978 763 0.02967000
762 778 0.03898000
778 762 0.03898000
762 799 0.03893000
799 762 0.03893000
762 809 0.06941000
809 762 0.06941000
762 825 0.02323000
825 762 0.02323000
762 905 0.05806000
905 762 0.05806000
762 939 0.03165000
939 762 0.03165000
762 953 0.05797000
953 762 0.05797000
761 762 0.07430000
762 761 0.07430000
761 953 0.05106000
953 761 0.05106000
760 761 0.06923000
761 760 0.06923000
760 771 0.07119000
771 760 0.07119000
760 898 0.05001000
898 760 0.05001000
760 917 0.06783000
917 760 0.06783000
759 765 0.05475000
765 759 0.05475000
759 780 0.02415000
780 759 0.02415000
759 788 0.05976000
788 759 0.05976000
759 872 0.06032000
872 759 0.06032000
759 970 0.06060000
970 759 0.06060000
759 980 0.05329000
980 759 0.05329000
757 766 0.05035000
766 757 0.05035000
757 801 0.06480000
801 757 0.06480000
757 890 0.07304000
890 757 0.07304000
757 973 0.05225000
973 757 0.05225000
756 805 0.06751000
805 756 0.06751000
756 814 0.06723000
814 756 0.06723000
756 904 0.07496000
904 756 0.07496000
756 963 0.02984000
963 756 0.02984000
755 855 0.05581000
855 755 0.05581000
755 926 0.02900000
926 755 0.02900000
755 994 0.07282000
994 755 0.07282000
754 847 0.06709000
847 754 0.06709000
753 833 0.07446000
833 753 0.07446000
753 890 0.03915000
890 753 0.03915000
753 907 0.00895000
907 753 0.00895000
753 981 0.05199000
981 753 0.05199000
752 771 0.05892000
771 752 0.05892000
752 801 0.06002000
801 752 0.06002000
752 860 0.04651000
860 752 0.04651000
752 932 0.01379000
932 752 0.01379000
752 934 0.04271000
934 752 0.04271000
751 787 0.05605000
787 751 0.05605000
751 870 0.03825000
870 751 0.03825000
751 906 0.05790000
906 751 0.05790000
751 929 0.06124000
929 751 0.06124000
751 949 0.06871000
949 751 0.06871000
750 782 0.05254000
782 750 0.05254000
750 792 0.04353000
792 750 0.04353000
750 794 0.05747000
794 750 0.05747000
750 848 0.02578000
848 750 0.02578000
750 893 0.06638000
893 750 0.06638000
749 760 0.01570000
760 749 0.01570000
749 761 0.06766000
761 749 0.06766000
749 898 0.03522000
898 749 0.03522000
749 917 0.06279000
917 749 0.06279000
748 764 0.06651000
764 748 0.06651000
748 783 0.02999000
783 748 0.02999000
748 807 0.04190000
807 748 0.04190000
748 972 0.06165000
972 748 0.06165000
747 798 0.06255000
798 747 0.06255000
747 813 0.04401000
813 747 0.04401000
747 826 0.05246000
826 747 0.05246000
747 859 0.07304000
859 747 0.07304000
747 871 0.07079000
871 747 0.07079000
746 763 0.06379000
763 746 0.06379000
746 793 0.01093000
793 746 0.01093000
746 832 0.05809000
832 746 0.05809000
746 866 0.04993000
866 746 0.04993000
746 975 0.04237000
975 746 0.04237000
746 978 0.04739000
978 746 0.04739000
745 815 0.07397000
815 745 0.07397000
745 829 0.06607000
829 745 0.06607000
745 841 0.07030000
841 745 0.07030000
745 902 0.02088000
902 745 0.02088000
745 928 0.07310000
928 745 0.07310000
744 795 0.05478000
795 744 0.05478000
744 916 0.05976000
916 744 0.05976000
744 992 0.04489000
992 744 0.04489000
743 750 0.04093000
750 743 0.04093000
743 792 0.03379000
792 743 0.03379000
743 848 0.06121000
848 743 0.06121000
743 893 0.03918000
893 743 0.03918000
742 800 0.06813000
800 742 0.06813000
742 854 0.06823000
854 742 0.06823000
742 889 0.05849000
889 742 0.05849000
742 930 0.03330000
930 742 0.03330000
741 868 0.02569000
868 741 0.02569000
741 876 0.06676000
876 741 0.06676000
741 940 0.00727000
940 741 0.00727000
740 749 0.02577000
749 740 0.02577000
740 760 0.03081000
760 740 0.03081000
740 761 0.04198000
761 740 0.04198000
740 898 0.05046000
898 740 0.05046000
739 779 0.04111000
779 739 0.04111000
739 942 0.02589000
942 739 0.02589000
739 979 0.02179000
979 739 0.02179000
739 993 0.03733000
993 739 0.03733000
738 741 0.04227000
741 738 0.04227000
738 826 0.04945000
826 738 0.04945000
738 868 0.05102000
868 738 0.05102000
738 940 0.04717000
940 738 0.04717000
737 739 0.07018000
739 737 0.07018000
737 951 0.07337000
951 737 0.07337000
736 757 0.00898000
757 736 0.00898000
736 766 0.04162000
766 736 0.04162000
736 801 0.06715000
801 736 0.06715000
736 833 0.07322000
833 736 0.07322000
736 888 0.06908000
888 736 0.06908000
736 890 0.06708000
890 736 0.06708000
736 973 0.06075000
973 736 0.06075000
735 950 0.06595000
950 735 0.06595000
734 791 0.04852000
791 734 0.04852000
734 918 0.04472000
918 734 0.04472000
734 927 0.05291000
927 734 0.05291000
734 994 0.06209000
994 734 0.06209000
733 835 0.05766000
835 733 0.05766000
733 862 0.01518000
862 733 0.01518000
733 967 0.01410000
967 733 0.01410000
732 770 0.04671000
770 732 0.04671000
731 747 0.06793000
747 731 0.06793000
731 769 0.06495000
769 731 0.06495000
731 798 0.03302000
798 731 0.03302000
731 813 0.06109000
813 731 0.06109000
731 818 0.06503000
818 731 0.06503000
731 859 0.07095000
859 731 0.07095000
731 871 0.03481000
871 731 0.03481000
730 885 0.01236000
885 730 0.01236000
730 936 0.06293000
936 730 0.06293000
729 773 0.05466000
773 729 0.05466000
729 933 0.06798000
933 729 0.06798000
729 944 0.07150000
944 729 0.07150000
729 974 0.06714000
974 729 0.06714000
729 998 0.06102000
998 729 0.06102000
728 821 0.06288000
821 728 0.06288000
728 825 0.06398000
825 728 0.06398000
728 856 0.07151000
856 728 0.07151000
728 894 0.07196000
894 728 0.07196000
728 953 0.06236000
953 728 0.06236000
727 761 0.06620000
761 727 0.06620000
727 762 0.04297000
762 727 0.04297000
727 778 0.03786000
778 727 0.03786000
727 799 0.05152000
799 727 0.05152000
727 825 0.06501000
825 727 0.06501000
727 939 0.01620000
939 727 0.01620000
726 731 0.03648000
731 726 0.03648000
726 769 0.03213000
769 726 0.03213000
726 798 0.04783000
798 726 0.04783000
726 818 0.04085000
818 726 0.04085000
726 871 0.04253000
871 726 0.04253000
726 880 0.06020000
880 726 0.06020000
726 962 0.05716000
962 726 0.05716000
725 855 0.07438000
855 725 0.07438000
725 884 0.06398000
884 725 0.06398000
724 749 0.05769000
749 724 0.05769000
724 760 0.07052000
760 724 0.07052000
724 786 0.03859000
786 724 0.03859000
724 887 0.02003000
887 724 0.02003000
724 892 0.05663000
892 724 0.05663000
724 898 0.02573000
898 724 0.02573000
724 917 0.03997000
917 724 0.03997000
724 964 0.07077000
964 724 0.07077000
723 819 0.01077000
819 723 0.01077000
723 846 0.07453000
846 723 0.07453000
723 881 0.06229000
881 723 0.06229000
723 904 0.04087000
904 723 0.04087000
723 923 0.02923000
923 723 0.02923000
723 946 0.02968000
946 723 0.02968000
723 948 0.06576000
948 723 0.06576000
723 987 0.05116000
987 723 0.05116000
723 990 0.01353000
990 723 0.01353000
722 739 0.07203000
739 722 0.07203000
722 764 0.04521000
764 722 0.04521000
722 783 0.06669000
783 722 0.06669000
722 807 0.05337000
807 722 0.05337000
722 849 0.05567000
849 722 0.05567000
722 942 0.05260000
942 722 0.05260000
722 972 0.04702000
972 722 0.04702000
722 979 0.05083000
979 722 0.05083000
721 787 0.04371000
787 721 0.04371000
721 841 0.06255000
841 721 0.06255000
721 930 0.06661000
930 721 0.06661000
719 797 0.06246000
797 719 0.06246000
719 802 0.06070000
802 719 0.06070000
719 896 0.05240000
896 719 0.05240000
719 983 0.05260000
983 719 0.05260000
718 752 0.05185000
752 718 0.05185000
718 767 0.04135000
767 718 0.04135000
718 771 0.06540000
771 718 0.06540000
718 811 0.04882000
811 718 0.04882000
718 860 0.05998000
860 718 0.05998000
718 932 0.04492000
932 718 0.04492000
718 934 0.05480000
934 718 0.05480000
718 935 0.07471000
935 718 0.07471000
717 758 0.02019000
758 717 0.02019000
717 779 0.07116000
779 717 0.07116000
716 811 0.07025000
811 716 0.07025000
716 917 0.05586000
917 716 0.05586000
716 935 0.04582000
935 716 0.04582000
716 943 0.04624000
943 716 0.04624000
716 945 0.06861000
945 716 0.06861000
715 938 0.02871000
938 715 0.02871000
715 961 0.05478000
961 715 0.05478000
715 991 0.02364000
991 715 0.02364000
714 720 0.04604000
720 714 0.04604000
714 805 0.06019000
805 714 0.06019000
713 725 0.04145000
725 713 0.04145000
713 971 0.04730000
971 713 0.04730000
712 744 0.06072000
744 712 0.06072000
712 865 0.04509000
865 712 0.04509000
712 916 0.01883000
916 712 0.01883000
712 950 0.06934000
950 712 0.06934000
711 733 0.06334000
733 711 0.06334000
711 827 0.07116000
827 711 0.07116000
711 835 0.00757000
835 711 0.00757000
711 862 0.06640000
862 711 0.06640000
711 967 0.06746000
967 711 0.06746000
710 785 0.07443000
785 710 0.07443000
710 817 0.04993000
817 710 0.04993000
710 820 0.04559000
820 710 0.04559000
710 912 0.05282000
912 710 0.05282000
710 931 0.04018000
931 710 0.04018000
710 935 0.07487000
935 710 0.07487000
710 943 0.06303000
943 710 0.06303000
710 945 0.03974000
945 710 0.03974000
709 711 0.03779000
711 709 0.03779000
709 835 0.03413000
835 709 0.03413000
709 862 0.07156000
862 709 0.07156000
708 744 0.04019000
744 708 0.04019000
708 795 0.05222000
795 708 0.05222000
708 858 0.05254000
858 708 0.05254000
708 977 0.04214000
977 708 0.04214000
708 992 0.02000000
992 708 0.02000000
707 728 0.04424000
728 707 0.04424000
707 762 0.03709000
762 707 0.03709000
707 778 0.06898000
778 707 0.06898000
707 799 0.06115000
799 707 0.06115000
707 825 0.01974000
825 707 0.01974000
707 905 0.05591000
905 707 0.05591000
707 939 0.06829000
939 707 0.06829000
707 953 0.05699000
953 707 0.05699000
706 766 0.04878000
766 706 0.04878000
706 833 0.05198000
833 706 0.05198000
706 888 0.02755000
888 706 0.02755000
706 947 0.06759000
947 706 0.06759000
706 959 0.04362000
959 706 0.04362000
706 998 0.06684000
998 706 0.06684000
705 719 0.05844000
719 705 0.05844000
705 768 0.05830000
768 705 0.05830000
705 781 0.03327000
781 705 0.03327000
705 802 0.06161000
802 705 0.06161000
705 896 0.04335000
896 705 0.04335000
705 914 0.04586000
914 705 0.04586000
705 983 0.01262000
983 705 0.01262000
705 988 0.05764000
988 705 0.05764000
704 723 0.03215000
723 704 0.03215000
704 819 0.02229000
819 704 0.02229000
704 904 0.01174000
904 704 0.01174000
704 923 0.05843000
923 704 0.05843000
704 946 0.04726000
946 704 0.04726000
704 948 0.04997000
948 704 0.04997000
704 987 0.03935000
987 704 0.03935000
704 990 0.04199000
990 704 0.04199000
703 747 0.06998000
747 703 0.06998000
703 798 0.05474000
798 703 0.05474000
703 859 0.02139000
859 703 0.02139000
703 871 0.05767000
871 703 0.05767000
703 891 0.04967000
891 703 0.04967000
702 775 0.01987000
775 702 0.01987000
702 789 0.03250000
789 702 0.03250000
702 836 0.06134000
836 702 0.06134000
702 839 0.02290000
839 702 0.02290000
702 899 0.06461000
899 702 0.06461000
702 973 0.07479000
973 702 0.07479000
702 984 0.01014000
984 702 0.01014000
702 986 0.04293000
986 702 0.04293000
701 706 0.04485000
706 701 0.04485000
701 736 0.04935000
736 701 0.04935000
701 757 0.05647000
757 701 0.05647000
701 766 0.02162000
766 701 0.02162000
701 833 0.05846000
833 701 0.05846000
701 888 0.03665000
888 701 0.03665000
701 959 0.05936000
959 701 0.05936000
700 816 0.03133000
816 700 0.03133000
700 846 0.05517000
846 700 0.05517000
700 918 0.03786000
918 700 0.03786000
700 927 0.03212000
927 700 0.03212000
700 946 0.05311000
946 700 0.05311000
700 952 0.07309000
952 700 0.07309000
700 990 0.07029000
990 700 0.07029000
700 994 0.07025000
994 700 0.07025000
699 743 0.04232000
743 699 0.04232000
699 750 0.03982000
750 699 0.03982000
699 792 0.01228000
792 699 0.01228000
699 848 0.03874000
848 699 0.03874000
699 893 0.03759000
893 699 0.03759000
698 734 0.05696000
734 698 0.05696000
698 755 0.04935000
755 698 0.04935000
698 791 0.03252000
791 698 0.03252000
698 867 0.05501000
867 698 0.05501000
697 746 0.03649000
746 697 0.03649000
697 763 0.05642000
763 697 0.05642000
697 793 0.02597000
793 697 0.02597000
697 832 0.03589000
832 697 0.03589000
697 842 0.06208000
842 697 0.06208000
697 866 0.05834000
866 697 0.05834000
697 975 0.03656000
975 697 0.03656000
697 978 0.05857000
978 697 0.05857000
696 721 0.04690000
721 696 0.04690000
696 745 0.07130000
745 696 0.07130000
696 829 0.03757000
829 696 0.03757000
696 841 0.01585000
841 696 0.01585000
696 930 0.04473000
930 696 0.04473000
696 996 0.06293000
996 696 0.06293000
695 796 0.06794000
796 695 0.06794000
695 834 0.04857000
834 695 0.04857000
694 705 0.05397000
705 694 0.05397000
694 719 0.04583000
719 694 0.04583000
694 896 0.01459000
896 694 0.01459000
694 983 0.05846000
983 694 0.05846000
692 823 0.05783000
823 692 0.05783000
692 843 0.01188000
843 692 0.01188000
692 863 0.05533000
863 692 0.05533000
692 876 0.01581000
876 692 0.01581000
691 705 0.02573000
705 691 0.02573000
691 719 0.07025000
719 691 0.07025000
691 768 0.03515000
768 691 0.03515000
691 781 0.00798000
781 691 0.00798000
691 802 0.04746000
802 691 0.04746000
691 896 0.06862000
896 691 0.06862000
691 908 0.07471000
908 691 0.07471000
691 914 0.04690000
914 691 0.04690000
691 983 0.02004000
983 691 0.02004000
691 988 0.04669000
988 691 0.04669000
690 700 0.05677000
700 690 0.05677000
690 816 0.02886000
816 690 0.02886000
690 846 0.02629000
846 690 0.02629000
690 918 0.07284000
918 690 0.07284000
690 952 0.05896000
952 690 0.05896000
689 733 0.03240000
733 689 0.03240000
689 862 0.04562000
862 689 0.04562000
689 961 0.07337000
961 689 0.07337000
689 967 0.01970000
967 689 0.01970000
689 991 0.06467000
991 689 0.06467000
688 957 0.01876000
957 688 0.01876000
687 689 0.03419000
689 687 0.03419000
687 733 0.02318000
733 687 0.02318000
687 862 0.02313000
862 687 0.02313000
687 967 0.02784000
967 687 0.02784000
686 746 0.06969000
746 686 0.06969000
686 763 0.02792000
763 686 0.02792000
686 793 0.06712000
793 686 0.06712000
686 844 0.02113000
844 686 0.02113000
686 866 0.01985000
866 686 0.01985000
686 924 0.03321000
924 686 0.03321000
686 975 0.03958000
975 686 0.03958000
686 978 0.02242000
978 686 0.02242000
685 699 0.03660000
699 685 0.03660000
685 743 0.07260000
743 685 0.07260000
685 750 0.04607000
750 685 0.04607000
685 782 0.06611000
782 685 0.06611000
685 792 0.04882000
792 685 0.04882000
685 848 0.02321000
848 685 0.02321000
685 893 0.07378000
893 685 0.07378000
684 712 0.02121000
712 684 0.02121000
684 744 0.05983000
744 684 0.05983000
684 795 0.06598000
795 684 0.06598000
684 865 0.03220000
865 684 0.03220000
684 916 0.00238000
916 684 0.00238000
684 950 0.04815000
950 684 0.04815000
683 745 0.04527000
745 683 0.04527000
683 829 0.06846000
829 683 0.06846000
683 902 0.03443000
902 683 0.03443000
683 928 0.03707000
928 683 0.03707000
682 691 0.04877000
691 682 0.04877000
682 694 0.03708000
694 682 0.03708000
682 705 0.02318000
705 682 0.02318000
682 719 0.05976000
719 682 0.05976000
682 781 0.05607000
781 682 0.05607000
682 896 0.02355000
896 682 0.02355000
682 914 0.05328000
914 682 0.05328000
682 983 0.03371000
983 682 0.03371000
682 988 0.07179000
988 682 0.07179000
681 729 0.05866000
729 681 0.05866000
681 812 0.02220000
812 681 0.02220000
681 831 0.02144000
831 681 0.02144000
681 910 0.05729000
910 681 0.05729000
681 976 0.04418000
976 681 0.04418000
680 853 0.04265000
853 680 0.04265000
680 877 0.05428000
877 680 0.05428000
680 882 0.06175000
882 680 0.06175000
680 895 0.06986000
895 680 0.06986000
679 842 0.06414000
842 679 0.06414000
679 873 0.06982000
873 679 0.06982000
678 718 0.05657000
718 678 0.05657000
678 752 0.03696000
752 678 0.03696000
678 767 0.05793000
767 678 0.05793000
678 801 0.03326000
801 678 0.03326000
678 860 0.00968000
860 678 0.00968000
678 932 0.02502000
932 678 0.02502000
678 934 0.00755000
934 678 0.00755000
677 803 0.06430000
803 677 0.06430000
677 850 0.06806000
850 677 0.06806000
677 954 0.03897000
954 677 0.03897000
676 700 0.05957000
700 676 0.05957000
676 734 0.02359000
734 676 0.02359000
676 791 0.06615000
791 676 0.06615000
676 918 0.04056000
918 676 0.04056000
676 927 0.03191000
927 676 0.03191000
676 994 0.07107000
994 676 0.07107000
675 703 0.06384000
703 675 0.06384000
675 840 0.06577000
840 675 0.06577000
675 883 0.07132000
883 675 0.07132000
675 891 0.01433000
891 675 0.01433000
675 926 0.06757000
926 675 0.06757000
675 952 0.06140000
952 675 0.06140000
674 882 0.06983000
882 674 0.06983000
674 895 0.06721000
895 674 0.06721000
674 897 0.02401000
897 674 0.02401000
674 913 0.06242000
913 674 0.06242000
674 933 0.02031000
933 674 0.02031000
674 944 0.03101000
944 674 0.03101000
674 947 0.00895000
947 674 0.00895000
674 974 0.05863000
974 674 0.05863000
674 998 0.03548000
998 674 0.03548000
673 754 0.05750000
754 673 0.05750000
673 774 0.04756000
774 673 0.04756000
673 847 0.05792000
847 673 0.05792000
672 776 0.05188000
776 672 0.05188000
672 784 0.05306000
784 672 0.05306000
672 808 0.02177000
808 672 0.02177000
672 824 0.06449000
824 672 0.06449000
672 850 0.06834000
850 672 0.06834000
672 901 0.07154000
901 672 0.07154000
672 906 0.02983000
906 672 0.02983000
672 919 0.02239000
919 672 0.02239000
672 929 0.04644000
929 672 0.04644000
672 949 0.03929000
949 672 0.03929000
672 982 0.05021000
982 672 0.05021000
671 704 0.05711000
704 671 0.05711000
671 723 0.02513000
723 671 0.02513000
671 819 0.03577000
819 671 0.03577000
671 846 0.05273000
846 671 0.05273000
671 881 0.05764000
881 671 0.05764000
671 904 0.06597000
904 671 0.06597000
671 923 0.02098000
923 671 0.02098000
671 946 0.03222000
946 671 0.03222000
671 987 0.07197000
987 671 0.07197000
671 990 0.01763000
990 671 0.01763000
670 851 0.06226000
851 670 0.06226000
670 869 0.06549000
869 670 0.06549000
670 921 0.04352000
921 670 0.04352000
670 989 0.04525000
989 670 0.04525000
668 728 0.06553000
728 668 0.06553000
668 821 0.04519000
821 668 0.04519000
668 894 0.05596000
894 668 0.05596000
668 965 0.04237000
965 668 0.04237000
667 689 0.06121000
689 667 0.06121000
667 715 0.03044000
715 667 0.03044000
667 938 0.01885000
938 667 0.01885000
667 961 0.06039000
961 667 0.06039000
667 991 0.02247000
991 667 0.02247000
666 791 0.07078000
791 666 0.07078000
666 851 0.06005000
851 666 0.06005000
666 867 0.03883000
867 666 0.03883000
666 921 0.07113000
921 666 0.07113000
666 985 0.06833000
985 666 0.06833000
666 989 0.05405000
989 666 0.05405000
665 679 0.07029000
679 665 0.07029000
665 697 0.04978000
697 665 0.04978000
665 746 0.07325000
746 665 0.07325000
665 793 0.06693000
793 665 0.06693000
665 832 0.01527000
832 665 0.01527000
665 842 0.01286000
842 665 0.01286000
664 908 0.07145000
908 664 0.07145000
664 914 0.07400000
914 664 0.07400000
664 928 0.06668000
928 664 0.06668000
664 988 0.05801000
988 664 0.05801000
663 837 0.05534000
837 663 0.05534000
663 889 0.03370000
889 663 0.03370000
663 961 0.06061000
961 663 0.06061000
663 996 0.05808000
996 663 0.05808000
662 695 0.01820000
695 662 0.01820000
662 834 0.06672000
834 662 0.06672000
661 735 0.04710000
735 661 0.04710000
661 764 0.06771000
764 661 0.06771000
661 865 0.06570000
865 661 0.06570000
661 950 0.07030000
950 661 0.07030000
661 972 0.07109000
972 661 0.07109000
660 716 0.04919000
716 660 0.04919000
660 828 0.06700000
828 660 0.06700000
660 955 0.03227000
955 660 0.03227000
659 696 0.05493000
696 659 0.05493000
659 721 0.01631000
721 659 0.01631000
659 787 0.02895000
787 659 0.02895000
659 841 0.07073000
841 659 0.07073000
659 870 0.07333000
870 659 0.07333000
658 720 0.03711000
720 658 0.03711000
658 864 0.04973000
864 658 0.04973000
657 753 0.07429000
753 657 0.07429000
657 853 0.06765000
853 657 0.06765000
657 878 0.02142000
878 657 0.02142000
657 920 0.03299000
920 657 0.03299000
657 922 0.06862000
922 657 0.06862000
657 981 0.05247000
981 657 0.05247000
656 790 0.03902000
790 656 0.03902000
656 861 0.05523000
861 656 0.05523000
656 897 0.06560000
897 656 0.06560000
656 913 0.06196000
913 656 0.06196000
656 933 0.06883000
933 656 0.06883000
656 944 0.04598000
944 656 0.04598000
656 974 0.02202000
974 656 0.02202000
655 738 0.02002000
738 655 0.02002000
655 741 0.02270000
741 655 0.02270000
655 826 0.06325000
826 655 0.06325000
655 868 0.03318000
868 655 0.03318000
655 876 0.07213000
876 655 0.07213000
655 940 0.02842000
940 655 0.02842000
654 676 0.04233000
676 654 0.04233000
654 734 0.06293000
734 654 0.06293000
654 927 0.04429000
927 654 0.04429000
653 822 0.07418000
822 653 0.07418000
653 879 0.01654000
879 653 0.01654000
653 941 0.06094000
941 653 0.06094000
651 665 0.06809000
665 651 0.06809000
651 679 0.01960000
679 651 0.01960000
651 832 0.07369000
832 651 0.07369000
651 842 0.06548000
842 651 0.06548000
650 719 0.03977000
719 650 0.03977000
650 797 0.02281000
797 650 0.02281000
650 802 0.04142000
802 650 0.04142000
650 830 0.07001000
830 650 0.07001000
650 983 0.06776000
983 650 0.06776000
649 660 0.03569000
660 649 0.03569000
649 716 0.01729000
716 649 0.01729000
649 917 0.07061000
917 649 0.07061000
649 935 0.04841000
935 649 0.04841000
649 943 0.04415000
943 649 0.04415000
649 945 0.06152000
945 649 0.06152000
649 955 0.06685000
955 649 0.06685000
648 725 0.05860000
725 648 0.05860000
648 855 0.06672000
855 648 0.06672000
648 884 0.00957000
884 648 0.00957000
648 911 0.05928000
911 648 0.05928000
648 925 0.03707000
925 648 0.03707000
648 960 0.05456000
960 648 0.05456000
647 682 0.05737000
682 647 0.05737000
647 694 0.05349000
694 647 0.05349000
647 896 0.04763000
896 647 0.04763000
646 668 0.05698000
668 646 0.05698000
646 937 0.02537000
937 646 0.02537000
646 965 0.07465000
965 646 0.07465000
645 717 0.07273000
717 645 0.07273000
645 748 0.01279000
748 645 0.01279000
645 758 0.06882000
758 645 0.06882000
645 783 0.04081000
783 645 0.04081000
645 807 0.05115000
807 645 0.05115000
645 972 0.07153000
972 645 0.07153000
644 699 0.06239000
699 644 0.06239000
644 743 0.04821000
743 644 0.04821000
644 774 0.06337000
774 644 0.06337000
644 792 0.05038000
792 644 0.05038000
644 893 0.02568000
893 644 0.02568000
643 672 0.02405000
672 643 0.02405000
643 776 0.04919000
776 643 0.04919000
643 784 0.02997000
784 643 0.02997000
643 808 0.04543000
808 643 0.04543000
643 850 0.06256000
850 643 0.06256000
643 906 0.02399000
906 643 0.02399000
643 919 0.03907000
919 643 0.03907000
643 929 0.05533000
929 643 0.05533000
643 949 0.01575000
949 643 0.01575000
643 982 0.06983000
982 643 0.06983000
642 691 0.03426000
691 642 0.03426000
642 705 0.05999000
705 642 0.05999000
642 768 0.02040000
768 642 0.02040000
642 781 0.02702000
781 642 0.02702000
642 802 0.04732000
802 642 0.04732000
642 908 0.04583000
908 642 0.04583000
642 914 0.06630000
914 642 0.06630000
642 983 0.05270000
983 642 0.05270000
642 988 0.05223000
988 642 0.05223000
641 702 0.06993000
702 641 0.06993000
641 775 0.05464000
775 641 0.05464000
641 789 0.06839000
789 641 0.06839000
641 839 0.06965000
839 641 0.06965000
641 869 0.07442000
869 641 0.07442000
641 899 0.00887000
899 641 0.00887000
641 909 0.03025000
909 641 0.03025000
641 966 0.01670000
966 641 0.01670000
641 968 0.07483000
968 641 0.07483000
641 984 0.07050000
984 641 0.07050000
641 995 0.02935000
995 641 0.02935000
640 673 0.04343000
673 640 0.04343000
640 847 0.05147000
847 640 0.05147000
639 750 0.06986000
750 639 0.06986000
639 782 0.07158000
782 639 0.07158000
639 794 0.01970000
794 639 0.01970000
639 885 0.06322000
885 639 0.06322000
639 937 0.05124000
937 639 0.05124000
638 782 0.03244000
782 638 0.03244000
638 794 0.06591000
794 638 0.06591000
638 849 0.06813000
849 638 0.06813000
638 951 0.02188000
951 638 0.02188000
637 688 0.02869000
688 637 0.02869000
637 957 0.03023000
957 637 0.03023000
636 724 0.01460000
724 636 0.01460000
636 749 0.06813000
749 636 0.06813000
636 786 0.04163000
786 636 0.04163000
636 887 0.02338000
887 636 0.02338000
636 892 0.04921000
892 636 0.04921000
636 898 0.03930000
898 636 0.03930000
636 917 0.03332000
917 636 0.03332000
635 645 0.03319000
645 635 0.03319000
635 748 0.02512000
748 635 0.02512000
635 783 0.04224000
783 635 0.04224000
635 807 0.05602000
807 635 0.05602000
635 972 0.07216000
972 635 0.07216000
634 701 0.03277000
701 634 0.03277000
634 706 0.07491000
706 634 0.07491000
634 736 0.01703000
736 634 0.01703000
634 757 0.02371000
757 634 0.02371000
634 766 0.02967000
766 634 0.02967000
634 833 0.06730000
833 634 0.06730000
634 888 0.05739000
888 634 0.05739000
634 890 0.07269000
890 634 0.07269000
634 959 0.07364000
959 634 0.07364000
633 709 0.02361000
709 633 0.02361000
633 711 0.05232000
711 633 0.05232000
633 733 0.06759000
733 633 0.06759000
633 835 0.04605000
835 633 0.04605000
633 862 0.05853000
862 633 0.05853000
632 710 0.07461000
710 632 0.07461000
632 718 0.07412000
718 632 0.07412000
632 767 0.05661000
767 632 0.05661000
632 806 0.07044000
806 632 0.07044000
632 817 0.02621000
817 632 0.02621000
632 912 0.05391000
912 632 0.05391000
632 922 0.06061000
922 632 0.06061000
632 935 0.07099000
935 632 0.07099000
632 943 0.07002000
943 632 0.07002000
632 945 0.05607000
945 632 0.05607000
632 997 0.05954000
997 632 0.05954000
631 662 0.05115000
662 631 0.05115000
631 695 0.03523000
695 631 0.03523000
631 796 0.03511000
796 631 0.03511000
631 834 0.03167000
834 631 0.03167000
630 667 0.06872000
667 630 0.06872000
630 715 0.07176000
715 630 0.07176000
630 857 0.05441000
857 630 0.05441000
630 938 0.05095000
938 630 0.05095000
629 740 0.06754000
740 629 0.06754000
629 749 0.05259000
749 629 0.05259000
629 760 0.03847000
760 629 0.03847000
629 771 0.03281000
771 629 0.03281000
629 811 0.06102000
811 629 0.06102000
629 917 0.07468000
917 629 0.07468000
628 641 0.07199000
641 628 0.07199000
628 869 0.03298000
869 628 0.03298000
628 909 0.04255000
909 628 0.04255000
628 921 0.06769000
921 628 0.06769000
628 966 0.06725000
966 628 0.06725000
628 968 0.03915000
968 628 0.03915000
628 995 0.06996000
995 628 0.06996000
627 671 0.06704000
671 627 0.06704000
627 723 0.07169000
723 627 0.07169000
627 803 0.06111000
803 627 0.06111000
627 819 0.07435000
819 627 0.07435000
627 881 0.00958000
881 627 0.00958000
627 923 0.04674000
923 627 0.04674000
627 969 0.01428000
969 627 0.01428000
627 987 0.07195000
987 627 0.07195000
626 683 0.03152000
683 626 0.03152000
626 696 0.07034000
696 626 0.07034000
626 745 0.01588000
745 626 0.01588000
626 829 0.05685000
829 626 0.05685000
626 841 0.06582000
841 626 0.06582000
626 902 0.02176000
902 626 0.02176000
626 928 0.06384000
928 626 0.06384000
625 669 0.06062000
669 625 0.06062000
625 796 0.06463000
796 625 0.06463000
624 753 0.01989000
753 624 0.01989000
624 767 0.05996000
767 624 0.05996000
624 860 0.06664000
860 624 0.06664000
624 890 0.05350000
890 624 0.05350000
624 907 0.01901000
907 624 0.01901000
624 922 0.06248000
922 624 0.06248000
624 934 0.06903000
934 624 0.06903000
624 981 0.04101000
981 624 0.04101000
623 693 0.04175000
693 623 0.04175000
622 644 0.03944000
644 622 0.03944000
622 743 0.03885000
743 622 0.03885000
622 792 0.06476000
792 622 0.06476000
622 893 0.05254000
893 622 0.05254000
621 663 0.03988000
663 621 0.03988000
621 829 0.05414000
829 621 0.05414000
621 837 0.02746000
837 621 0.02746000
621 841 0.06929000
841 621 0.06929000
621 889 0.04545000
889 621 0.04545000
621 930 0.07483000
930 621 0.07483000
621 996 0.02250000
996 621 0.02250000
620 659 0.04795000
659 620 0.04795000
620 721 0.05559000
721 620 0.05559000
620 787 0.03132000
787 620 0.03132000
620 842 0.07048000
842 620 0.07048000
620 870 0.04664000
870 620 0.04664000
619 624 0.02226000
624 619 0.02226000
619 678 0.05384000
678 619 0.05384000
619 753 0.03587000
753 619 0.03587000
619 767 0.04699000
767 619 0.04699000
619 801 0.06202000
801 619 0.06202000
619 860 0.04453000
860 619 0.04453000
619 890 0.05453000
890 619 0.05453000
619 907 0.02929000
907 619 0.02929000
619 922 0.07391000
922 619 0.07391000
619 934 0.04678000
934 619 0.04678000
619 981 0.05808000
981 619 0.05808000
618 657 0.06121000
657 618 0.06121000
618 680 0.04865000
680 618 0.04865000
618 853 0.00644000
853 618 0.00644000
618 877 0.05459000
877 618 0.05459000
618 895 0.07019000
895 618 0.07019000
618 920 0.03512000
920 618 0.03512000
617 649 0.06132000
649 617 0.06132000
617 660 0.06181000
660 617 0.06181000
617 710 0.03218000
710 617 0.03218000
617 820 0.06342000
820 617 0.06342000
617 828 0.06678000
828 617 0.06678000
617 931 0.06914000
931 617 0.06914000
617 935 0.07242000
935 617 0.07242000
617 943 0.05985000
943 617 0.05985000
617 945 0.04767000
945 617 0.04767000
617 955 0.06814000
955 617 0.06814000
616 622 0.06957000
622 616 0.06957000
616 644 0.05398000
644 616 0.05398000
616 673 0.04430000
673 616 0.04430000
616 754 0.05256000
754 616 0.05256000
616 774 0.03116000
774 616 0.03116000
615 620 0.03388000
620 615 0.03388000
615 651 0.05909000
651 615 0.05909000
615 665 0.06111000
665 615 0.06111000
615 679 0.04357000
679 615 0.04357000
615 787 0.06496000
787 615 0.06496000
615 842 0.04911000
842 615 0.04911000
615 870 0.07129000
870 615 0.07129000
614 628 0.04967000
628 614 0.04967000
614 641 0.04053000
641 614 0.04053000
614 869 0.03707000
869 614 0.03707000
614 899 0.04037000
899 614 0.04037000
614 909 0.03232000
909 614 0.03232000
614 966 0.04854000
966 614 0.04854000
614 968 0.07364000
968 614 0.07364000
614 995 0.02233000
995 614 0.02233000
613 626 0.03668000
626 613 0.03668000
613 659 0.06532000
659 613 0.06532000
613 683 0.06791000
683 613 0.06791000
613 696 0.04831000
696 613 0.04831000
613 721 0.06980000
721 613 0.06980000
613 745 0.02837000
745 613 0.02837000
613 829 0.05739000
829 613 0.05739000
613 841 0.05246000
841 613 0.05246000
613 902 0.04926000
902 613 0.04926000
612 650 0.03931000
650 612 0.03931000
612 682 0.07050000
682 612 0.07050000
612 694 0.05193000
694 612 0.05193000
612 705 0.07022000
705 612 0.07022000
612 719 0.01180000
719 612 0.01180000
612 797 0.06077000
797 612 0.06077000
612 802 0.06767000
802 612 0.06767000
612 896 0.06070000
896 612 0.06070000
612 983 0.06432000
983 612 0.06432000
611 617 0.06967000
617 611 0.06967000
611 649 0.03533000
649 611 0.03533000
611 660 0.07013000
660 611 0.07013000
611 716 0.03204000
716 611 0.03204000
611 811 0.05392000
811 611 0.05392000
611 935 0.01385000
935 611 0.01385000
611 943 0.01694000
943 611 0.01694000
611 945 0.04263000
945 611 0.04263000
610 643 0.05527000
643 610 0.05527000
610 751 0.05045000
751 610 0.05045000
610 765 0.07124000
765 610 0.07124000
610 784 0.04416000
784 610 0.04416000
610 906 0.05311000
906 610 0.05311000
610 949 0.04002000
949 610 0.04002000
610 980 0.05774000
980 610 0.05774000
609 690 0.05841000
690 609 0.05841000
609 846 0.05547000
846 609 0.05547000
609 957 0.06823000
957 609 0.06823000
608 654 0.02109000
654 608 0.02109000
608 676 0.06313000
676 608 0.06313000
608 756 0.06987000
756 608 0.06987000
608 927 0.05904000
927 608 0.05904000
608 963 0.07346000
963 608 0.07346000
607 692 0.05836000
692 607 0.05836000
607 823 0.00245000
823 607 0.00245000
607 843 0.06172000
843 607 0.06172000
607 863 0.06745000
863 607 0.06745000
607 876 0.04927000
876 607 0.04927000
607 900 0.02134000
900 607 0.02134000
606 702 0.02127000
702 606 0.02127000
606 775 0.03192000
775 606 0.03192000
606 789 0.02935000
789 606 0.02935000
606 836 0.04255000
836 606 0.04255000
606 839 0.02078000
839 606 0.02078000
606 973 0.06786000
973 606 0.06786000
606 984 0.01612000
984 606 0.01612000
606 986 0.02191000
986 606 0.02191000
605 618 0.01527000
618 605 0.01527000
605 657 0.06865000
657 605 0.06865000
605 680 0.04004000
680 605 0.04004000
605 853 0.01418000
853 605 0.01418000
605 877 0.04006000
877 605 0.04006000
605 882 0.06755000
882 605 0.06755000
605 895 0.05625000
895 605 0.05625000
605 920 0.04762000
920 605 0.04762000
604 772 0.03606000
772 604 0.03606000
604 844 0.07212000
844 604 0.07212000
604 924 0.07076000
924 604 0.07076000
603 636 0.07031000
636 603 0.07031000
603 724 0.05979000
724 603 0.05979000
603 777 0.07035000
777 603 0.07035000
603 786 0.03900000
786 603 0.03900000
603 875 0.05973000
875 603 0.05973000
603 887 0.04874000
887 603 0.04874000
603 892 0.07374000
892 603 0.07374000
603 898 0.05894000
898 603 0.05894000
603 964 0.01109000
964 603 0.01109000
602 707 0.04589000
707 602 0.04589000
602 727 0.05011000
727 602 0.05011000
602 728 0.07365000
728 602 0.07365000
602 761 0.05012000
761 602 0.05012000
602 762 0.02819000
762 602 0.02819000
602 778 0.06355000
778 602 0.06355000
602 799 0.06654000
799 602 0.06654000
602 825 0.04367000
825 602 0.04367000
602 939 0.04752000
939 602 0.04752000
602 953 0.03248000
953 602 0.03248000
601 663 0.06132000
663 601 0.06132000
601 667 0.05773000
667 601 0.05773000
601 715 0.04618000
715 601 0.04618000
601 837 0.06320000
837 601 0.06320000
601 938 0.06893000
938 601 0.06893000
601 961 0.01253000
961 601 0.01253000
601 991 0.03529000
991 601 0.03529000
600 636 0.03194000
636 600 0.03194000
600 724 0.04529000
724 600 0.04529000
600 786 0.04947000
786 600 0.04947000
600 858 0.04867000
858 600 0.04867000
600 887 0.04055000
887 600 0.04055000
600 892 0.03098000
892 600 0.03098000
600 898 0.07090000
898 600 0.07090000
600 917 0.05084000
917 600 0.05084000
600 977 0.05962000
977 600 0.05962000
599 612 0.03606000
612 599 0.03606000
599 647 0.06952000
647 599 0.06952000
599 650 0.07108000
650 599 0.07108000
599 682 0.04594000
682 599 0.04594000
599 694 0.01620000
694 599 0.01620000
599 705 0.05707000
705 599 0.05707000
599 719 0.03134000
719 599 0.03134000
599 896 0.02796000
896 599 0.02796000
599 983 0.05808000
983 599 0.05808000
598 599 0.05085000
599 598 0.05085000
598 612 0.01714000
612 598 0.01714000
598 650 0.03878000
650 598 0.03878000
598 694 0.06704000
694 598 0.06704000
598 719 0.02849000
719 598 0.02849000
598 797 0.05620000
797 598 0.05620000
597 652 0.05752000
652 597 0.05752000
597 681 0.06485000
681 597 0.06485000
597 831 0.06352000
831 597 0.06352000
597 910 0.07097000
910 597 0.07097000
597 976 0.06943000
976 597 0.06943000
596 666 0.07153000
666 596 0.07153000
596 676 0.07213000
676 596 0.07213000
596 698 0.02462000
698 596 0.02462000
596 734 0.05265000
734 596 0.05265000
596 755 0.07376000
755 596 0.07376000
596 791 0.00908000
791 596 0.00908000
596 867 0.04312000
867 596 0.04312000
595 735 0.03988000
735 595 0.03988000
595 777 0.06885000
777 595 0.06885000
595 875 0.06627000
875 595 0.06627000
595 950 0.07005000
950 595 0.07005000
595 956 0.07432000
956 595 0.07432000
594 605 0.05818000
605 594 0.05818000
594 618 0.06888000
618 594 0.06888000
594 674 0.07436000
674 594 0.07436000
594 853 0.07122000
853 594 0.07122000
594 877 0.03064000
877 594 0.03064000
594 882 0.05455000
882 594 0.05455000
594 895 0.02342000
895 594 0.02342000
594 897 0.06336000
897 594 0.06336000
594 913 0.06780000
913 594 0.06780000
593 754 0.05620000
754 593 0.05620000
593 847 0.03154000
847 593 0.03154000
592 726 0.04231000
726 592 0.04231000
592 731 0.05417000
731 592 0.05417000
592 769 0.03596000
769 592 0.03596000
592 838 0.06872000
838 592 0.06872000
592 880 0.02555000
880 592 0.02555000
591 648 0.06250000
648 591 0.06250000
591 725 0.07284000
725 591 0.07284000
591 755 0.06030000
755 591 0.06030000
591 840 0.04577000
840 591 0.04577000
591 855 0.00450000
855 591 0.00450000
591 883 0.06999000
883 591 0.06999000
591 884 0.05635000
884 591 0.05635000
591 911 0.05544000
911 591 0.05544000
591 925 0.05863000
925 591 0.05863000
591 926 0.05133000
926 591 0.05133000
591 960 0.07360000
960 591 0.07360000
590 666 0.04386000
666 590 0.04386000
590 670 0.07450000
670 590 0.07450000
590 851 0.01820000
851 590 0.01820000
590 910 0.04648000
910 590 0.04648000
590 921 0.07211000
921 590 0.07211000
590 976 0.05868000
976 590 0.05868000
590 985 0.07021000
985 590 0.07021000
590 989 0.05116000
989 590 0.05116000
589 593 0.06860000
593 589 0.06860000
589 640 0.02605000
640 589 0.02605000
589 673 0.06026000
673 589 0.06026000
589 847 0.03715000
847 589 0.03715000
588 642 0.02488000
642 588 0.02488000
588 682 0.07307000
682 588 0.07307000
588 691 0.03091000
691 588 0.03091000
588 705 0.05249000
705 588 0.05249000
588 768 0.00731000
768 588 0.00731000
588 781 0.02374000
781 588 0.02374000
588 802 0.06602000
802 588 0.06602000
588 908 0.04686000
908 588 0.04686000
588 914 0.04343000
914 588 0.04343000
588 983 0.05050000
983 588 0.05050000
588 988 0.02736000
988 588 0.02736000
587 703 0.06182000
703 587 0.06182000
587 726 0.05461000
726 587 0.05461000
587 731 0.06637000
731 587 0.06637000
587 798 0.04194000
798 587 0.04194000
587 818 0.02333000
818 587 0.02333000
587 859 0.04099000
859 587 0.04099000
587 871 0.03492000
871 587 0.03492000
587 883 0.07323000
883 587 0.07323000
587 962 0.05281000
962 587 0.05281000
586 662 0.02886000
662 586 0.02886000
586 695 0.04682000
695 586 0.04682000
585 608 0.02226000
608 585 0.02226000
585 654 0.01576000
654 585 0.01576000
585 676 0.05181000
676 585 0.05181000
585 734 0.06899000
734 585 0.06899000
585 927 0.05948000
927 585 0.05948000
584 661 0.03945000
661 584 0.03945000
584 722 0.07492000
722 584 0.07492000
584 764 0.03370000
764 584 0.03370000
584 783 0.05720000
783 584 0.05720000
584 807 0.05190000
807 584 0.05190000
584 972 0.03552000
972 584 0.03552000
583 595 0.04622000
595 583 0.04622000
583 603 0.07433000
603 583 0.07433000
583 777 0.06847000
777 583 0.06847000
583 875 0.02036000
875 583 0.02036000
583 956 0.04477000
956 583 0.04477000
583 964 0.06548000
964 583 0.06548000
582 638 0.06966000
638 582 0.06966000
582 685 0.04948000
685 582 0.04948000
582 737 0.05213000
737 582 0.05213000
582 782 0.05527000
782 582 0.05527000
582 848 0.05320000
848 582 0.05320000
582 951 0.05480000
951 582 0.05480000
581 650 0.06303000
650 581 0.06303000
581 797 0.04121000
797 581 0.04121000
581 802 0.06735000
802 581 0.06735000
581 830 0.05236000
830 581 0.05236000
581 874 0.04667000
874 581 0.04667000
581 886 0.04236000
886 581 0.04236000
581 894 0.06668000
894 581 0.06668000
580 619 0.05193000
619 580 0.05193000
580 624 0.04101000
624 580 0.04101000
580 632 0.06641000
632 580 0.06641000
580 657 0.06964000
657 580 0.06964000
580 753 0.05719000
753 580 0.05719000
580 767 0.05405000
767 580 0.05405000
580 806 0.07095000
806 580 0.07095000
580 878 0.05694000
878 580 0.05694000
580 907 0.05949000
907 580 0.05949000
580 922 0.02210000
922 580 0.02210000
580 981 0.01734000
981 580 0.01734000
580 997 0.05467000
997 580 0.05467000
579 598 0.00969000
598 579 0.00969000
579 599 0.04989000
599 579 0.04989000
579 612 0.02163000
612 579 0.02163000
579 650 0.04846000
650 579 0.04846000
579 694 0.06595000
694 579 0.06595000
579 719 0.03340000
719 579 0.03340000
579 797 0.06533000
797 579 0.06533000
578 587 0.06538000
587 578 0.06538000
578 675 0.06579000
675 578 0.06579000
578 840 0.03283000
840 578 0.03283000
578 859 0.07298000
859 578 0.07298000
578 883 0.00993000
883 578 0.00993000
578 891 0.06576000
891 578 0.06576000
578 911 0.03841000
911 578 0.03841000
578 925 0.06228000
925 578 0.06228000
578 960 0.05329000
960 578 0.05329000
577 610 0.02641000
610 577 0.02641000
577 643 0.05999000
643 577 0.05999000
577 751 0.02439000
751 577 0.02439000
577 784 0.06166000
784 577 0.06166000
577 870 0.05502000
870 577 0.05502000
577 906 0.04669000
906 577 0.04669000
577 929 0.06360000
929 577 0.06360000
577 949 0.04861000
949 577 0.04861000
577 980 0.06990000
980 577 0.06990000
576 785 0.02258000
785 576 0.02258000
576 820 0.04203000
820 576 0.04203000
576 931 0.05481000
931 576 0.05481000
576 958 0.03597000
958 576 0.03597000
575 601 0.03667000
601 575 0.03667000
575 621 0.04468000
621 575 0.04468000
575 663 0.05164000
663 575 0.05164000
575 715 0.06097000
715 575 0.06097000
575 837 0.02679000
837 575 0.02679000
575 961 0.04674000
961 575 0.04674000
575 991 0.06359000
991 575 0.06359000
575 996 0.06509000
996 575 0.06509000
574 609 0.04552000
609 574 0.04552000
574 671 0.05594000
671 574 0.05594000
574 690 0.02773000
690 574 0.02773000
574 700 0.06496000
700 574 0.06496000
574 816 0.04757000
816 574 0.04757000
574 846 0.00999000
846 574 0.00999000
574 923 0.07080000
923 574 0.07080000
574 946 0.06605000
946 574 0.06605000
574 990 0.06717000
990 574 0.06717000
573 610 0.06635000
610 573 0.06635000
573 677 0.06755000
677 573 0.06755000
573 759 0.07111000
759 573 0.07111000
573 780 0.06289000
780 573 0.06289000
573 784 0.06219000
784 573 0.06219000
573 788 0.04307000
788 573 0.04307000
573 803 0.06048000
803 573 0.06048000
573 970 0.07430000
970 573 0.07430000
573 980 0.07073000
980 573 0.07073000
572 583 0.01931000
583 572 0.01931000
572 595 0.03678000
595 572 0.03678000
572 603 0.07349000
603 572 0.07349000
572 777 0.05094000
777 572 0.05094000
572 875 0.03408000
875 572 0.03408000
572 956 0.06319000
956 572 0.06319000
572 964 0.06680000
964 572 0.06680000
571 667 0.06648000
667 571 0.06648000
571 687 0.04692000
687 571 0.04692000
571 689 0.03508000
689 571 0.03508000
571 733 0.06011000
733 571 0.06011000
571 862 0.06820000
862 571 0.06820000
571 967 0.05171000
967 571 0.05171000
570 646 0.04642000
646 570 0.04642000
570 668 0.04933000
668 570 0.04933000
570 730 0.05910000
730 570 0.05910000
570 885 0.05899000
885 570 0.05899000
570 936 0.06720000
936 570 0.06720000
570 937 0.05024000
937 570 0.05024000
570 965 0.03578000
965 570 0.03578000
569 641 0.07218000
641 569 0.07218000
569 653 0.05783000
653 569 0.05783000
569 822 0.04263000
822 569 0.04263000
569 879 0.05112000
879 569 0.05112000
569 941 0.02978000
941 569 0.02978000
569 966 0.06356000
966 569 0.06356000
568 647 0.01635000
647 568 0.01635000
568 682 0.07316000
682 568 0.07316000
568 694 0.06412000
694 568 0.06412000
568 896 0.06099000
896 568 0.06099000
567 614 0.05182000
614 567 0.05182000
567 634 0.04571000
634 567 0.04571000
567 701 0.07005000
701 567 0.07005000
567 736 0.04310000
736 567 0.04310000
567 757 0.03680000
757 567 0.03680000
567 766 0.07482000
766 567 0.07482000
567 869 0.06953000
869 567 0.06953000
567 899 0.07034000
899 567 0.07034000
567 973 0.05289000
973 567 0.05289000
567 995 0.04747000
995 567 0.04747000
566 606 0.07297000
606 566 0.07297000
566 727 0.07384000
727 566 0.07384000
566 836 0.04541000
836 566 0.04541000
566 986 0.06382000
986 566 0.06382000
565 682 0.07062000
682 565 0.07062000
565 683 0.06356000
683 565 0.06356000
565 902 0.06898000
902 565 0.06898000
565 914 0.04099000
914 565 0.04099000
565 928 0.02932000
928 565 0.02932000
565 988 0.05973000
988 565 0.05973000
564 646 0.04494000
646 564 0.04494000
564 668 0.07204000
668 564 0.07204000
564 937 0.06465000
937 564 0.06465000
564 956 0.05085000
956 564 0.05085000
564 999 0.05919000
999 564 0.05919000
563 565 0.07318000
565 563 0.07318000
563 588 0.06853000
588 563 0.06853000
563 664 0.01212000
664 563 0.01212000
563 683 0.07373000
683 563 0.07373000
563 768 0.07024000
768 563 0.07024000
563 908 0.07135000
908 563 0.07135000
563 914 0.06232000
914 563 0.06232000
563 928 0.05680000
928 563 0.05680000
563 988 0.04790000
988 563 0.04790000
562 581 0.06320000
581 562 0.06320000
562 707 0.06377000
707 562 0.06377000
562 797 0.06775000
797 562 0.06775000
562 799 0.07054000
799 562 0.07054000
562 809 0.05856000
809 562 0.05856000
562 821 0.06957000
821 562 0.06957000
562 825 0.06101000
825 562 0.06101000
562 830 0.01564000
830 562 0.01564000
562 874 0.02234000
874 562 0.02234000
562 886 0.05622000
886 562 0.05622000
562 894 0.06326000
894 562 0.06326000
562 905 0.03386000
905 562 0.03386000
561 583 0.05866000
583 561 0.05866000
561 603 0.07174000
603 561 0.07174000
561 856 0.01701000
856 561 0.01701000
561 875 0.04125000
875 561 0.04125000
561 956 0.05070000
956 561 0.05070000
561 964 0.06099000
964 561 0.06099000
560 568 0.06853000
568 560 0.06853000
560 647 0.07089000
647 560 0.07089000
560 759 0.07500000
759 560 0.07500000
560 765 0.05344000
765 560 0.05344000
560 815 0.02559000
815 560 0.02559000
560 902 0.07333000
902 560 0.07333000
560 980 0.06893000
980 560 0.06893000
559 622 0.06231000
622 559 0.06231000
559 639 0.04091000
639 559 0.04091000
559 730 0.04870000
730 559 0.04870000
559 743 0.05592000
743 559 0.05592000
559 750 0.06543000
750 559 0.06543000
559 794 0.05138000
794 559 0.05138000
559 885 0.03765000
885 559 0.03765000
558 576 0.02177000
576 558 0.02177000
558 785 0.03501000
785 558 0.03501000
558 820 0.03741000
820 558 0.03741000
558 912 0.06154000
912 558 0.06154000
558 931 0.03830000
931 558 0.03830000
558 958 0.02664000
958 558 0.02664000
557 726 0.07119000
726 557 0.07119000
557 769 0.05785000
769 557 0.05785000
557 818 0.05501000
818 557 0.05501000
557 962 0.02354000
962 557 0.02354000
556 581 0.04860000
581 556 0.04860000
556 821 0.06974000
821 556 0.06974000
556 874 0.07451000
874 556 0.07451000
556 886 0.04456000
886 556 0.04456000
556 894 0.06019000
894 556 0.06019000
556 936 0.04370000
936 556 0.04370000
556 965 0.06373000
965 556 0.06373000
555 575 0.05115000
575 555 0.05115000
555 621 0.03404000
621 555 0.03404000
555 663 0.07216000
663 555 0.07216000
555 683 0.06749000
683 555 0.06749000
555 829 0.05023000
829 555 0.05023000
555 837 0.02465000
837 555 0.02465000
555 841 0.07192000
841 555 0.07192000
555 996 0.03371000
996 555 0.03371000
554 722 0.04312000
722 554 0.04312000
554 849 0.01269000
849 554 0.01269000
553 992 0.06464000
992 553 0.06464000
552 556 0.06710000
556 552 0.06710000
552 562 0.05003000
562 552 0.05003000
552 581 0.01941000
581 552 0.01941000
552 650 0.05114000
650 552 0.05114000
552 797 0.02835000
797 552 0.02835000
552 802 0.06735000
802 552 0.06735000
552 830 0.03665000
830 552 0.03665000
552 874 0.03937000
874 552 0.03937000
552 886 0.04986000
886 552 0.04986000
552 894 0.07220000
894 552 0.07220000
551 684 0.04912000
684 551 0.04912000
551 708 0.06040000
708 551 0.06040000
551 712 0.04416000
712 551 0.04416000
551 744 0.02024000
744 551 0.02024000
551 795 0.06711000
795 551 0.06711000
551 916 0.04833000
916 551 0.04833000
551 992 0.06316000
992 551 0.06316000
550 593 0.04845000
593 550 0.04845000
550 630 0.02959000
630 550 0.02959000
550 847 0.05476000
847 550 0.05476000
550 857 0.06906000
857 550 0.06906000
550 938 0.07418000
938 550 0.07418000
549 552 0.04872000
552 549 0.04872000
549 556 0.07489000
556 549 0.07489000
549 581 0.04381000
581 549 0.04381000
549 642 0.06184000
642 549 0.06184000
549 650 0.04667000
650 549 0.04667000
549 691 0.07155000
691 549 0.07155000
549 781 0.07083000
781 549 0.07083000
549 797 0.03949000
797 549 0.03949000
549 802 0.02570000
802 549 0.02570000
549 983 0.07473000
983 549 0.07473000
548 557 0.06661000
557 548 0.06661000
548 587 0.04852000
587 548 0.04852000
548 592 0.04870000
592 548 0.04870000
548 726 0.00694000
726 548 0.00694000
548 731 0.04023000
731 548 0.04023000
548 769 0.03398000
769 548 0.03398000
548 798 0.04648000
798 548 0.04648000
548 818 0.03393000
818 548 0.03393000
548 871 0.04028000
871 548 0.04028000
548 880 0.06525000
880 548 0.06525000
548 962 0.05123000
962 548 0.05123000
547 623 0.07100000
623 547 0.07100000
547 693 0.07287000
693 547 0.07287000
547 713 0.05547000
713 547 0.05547000
547 971 0.01203000
971 547 0.01203000
547 985 0.03732000
985 547 0.03732000
546 704 0.05657000
704 546 0.05657000
546 804 0.04743000
804 546 0.04743000
546 805 0.05479000
805 546 0.05479000
546 819 0.07039000
819 546 0.07039000
546 904 0.04484000
904 546 0.04484000
546 948 0.02385000
948 546 0.02385000
546 987 0.03550000
987 546 0.03550000
545 565 0.04144000
565 545 0.04144000
545 588 0.05149000
588 545 0.05149000
545 642 0.07129000
642 545 0.07129000
545 682 0.03856000
682 545 0.03856000
545 691 0.04494000
691 545 0.04494000
545 705 0.03565000
705 545 0.03565000
545 768 0.05880000
768 545 0.05880000
545 781 0.04775000
781 545 0.04775000
545 896 0.06112000
896 545 0.06112000
545 914 0.01549000
914 545 0.01549000
545 928 0.06324000
928 545 0.06324000
545 983 0.04630000
983 545 0.04630000
545 988 0.03811000
988 545 0.03811000
544 605 0.04998000
605 544 0.04998000
544 618 0.03827000
618 544 0.03827000
544 657 0.02847000
657 544 0.02847000
544 853 0.04434000
853 544 0.04434000
544 878 0.03801000
878 544 0.03801000
544 920 0.00454000
920 544 0.00454000
543 634 0.06156000
634 543 0.06156000
543 701 0.04424000
701 543 0.04424000
543 706 0.03343000
706 543 0.03343000
543 736 0.07162000
736 543 0.07162000
543 766 0.03202000
766 543 0.03202000
543 833 0.01921000
833 543 0.01921000
543 888 0.00875000
888 543 0.00875000
543 890 0.06354000
890 543 0.06354000
543 959 0.01534000
959 543 0.01534000
542 611 0.05246000
611 542 0.05246000
542 629 0.05354000
629 542 0.05354000
542 716 0.06272000
716 542 0.06272000
542 718 0.06189000
718 542 0.06189000
542 771 0.04479000
771 542 0.04479000
542 811 0.01322000
811 542 0.01322000
542 917 0.07084000
917 542 0.07084000
542 935 0.05203000
935 542 0.05203000
542 943 0.06426000
943 542 0.06426000
541 633 0.06673000
633 541 0.06673000
541 687 0.05000000
687 541 0.05000000
541 689 0.04270000
689 541 0.04270000
541 709 0.06673000
709 541 0.06673000
541 711 0.04186000
711 541 0.04186000
541 733 0.02725000
733 541 0.02725000
541 835 0.03836000
835 541 0.03836000
541 862 0.03798000
862 541 0.03798000
541 961 0.06348000
961 541 0.06348000
541 967 0.02639000
967 541 0.02639000
540 681 0.03631000
681 540 0.03631000
540 729 0.03310000
729 540 0.03310000
540 812 0.04874000
812 540 0.04874000
540 831 0.05724000
831 540 0.05724000
540 933 0.06341000
933 540 0.06341000
540 998 0.04743000
998 540 0.04743000
539 540 0.07394000
540 539 0.07394000
539 670 0.06030000
670 539 0.06030000
539 681 0.05291000
681 539 0.05291000
539 812 0.03071000
812 539 0.03071000
539 831 0.04373000
831 539 0.04373000
539 851 0.06431000
851 539 0.06431000
539 910 0.05501000
910 539 0.05501000
539 976 0.04473000
976 539 0.04473000
538 584 0.04113000
584 538 0.04113000
538 635 0.07435000
635 538 0.07435000
538 645 0.07086000
645 538 0.07086000
538 722 0.04122000
722 538 0.04122000
538 748 0.06179000
748 538 0.06179000
538 764 0.00773000
764 538 0.00773000
538 783 0.03279000
783 538 0.03279000
538 807 0.01990000
807 538 0.01990000
538 972 0.00629000
972 538 0.00629000
537 561 0.06073000
561 537 0.06073000
537 572 0.03741000
572 537 0.03741000
537 583 0.03920000
583 537 0.03920000
537 595 0.07403000
595 537 0.07403000
537 603 0.03630000
603 537 0.03630000
537 777 0.05210000
777 537 0.05210000
537 786 0.05947000
786 537 0.05947000
537 856 0.07362000
856 537 0.07362000
537 875 0.02975000
875 537 0.02975000
537 964 0.02950000
964 537 0.02950000
536 584 0.04563000
584 536 0.04563000
536 661 0.03745000
661 536 0.03745000
536 684 0.06812000
684 536 0.06812000
536 865 0.03592000
865 536 0.03592000
536 916 0.06892000
916 536 0.06892000
536 950 0.06341000
950 536 0.06341000
535 569 0.06357000
569 535 0.06357000
535 756 0.06842000
756 535 0.06842000
535 814 0.05371000
814 535 0.05371000
535 822 0.05348000
822 535 0.05348000
535 941 0.05978000
941 535 0.05978000
535 963 0.04431000
963 535 0.04431000
535 966 0.07394000
966 535 0.07394000
535 968 0.06477000
968 535 0.06477000
534 567 0.03261000
567 534 0.03261000
534 634 0.03472000
634 534 0.03472000
534 701 0.06727000
701 534 0.06727000
534 736 0.02060000
736 534 0.02060000
534 757 0.01170000
757 534 0.01170000
534 766 0.06204000
766 534 0.06204000
534 801 0.06152000
801 534 0.06152000
534 973 0.04079000
973 534 0.04079000
534 995 0.07434000
995 534 0.07434000
533 547 0.02704000
547 533 0.02704000
533 623 0.05499000
623 533 0.05499000
533 693 0.04656000
693 533 0.04656000
533 713 0.05953000
713 533 0.05953000
533 971 0.03566000
971 533 0.03566000
533 985 0.05981000
985 533 0.05981000
532 553 0.05166000
553 532 0.05166000
532 828 0.02721000
828 532 0.02721000
532 955 0.05151000
955 532 0.05151000
531 594 0.06959000
594 531 0.06959000
531 656 0.05428000
656 531 0.05428000
531 674 0.04767000
674 531 0.04767000
531 877 0.05944000
877 531 0.05944000
531 882 0.03055000
882 531 0.03055000
531 895 0.04934000
895 531 0.04934000
531 897 0.02456000
897 531 0.02456000
531 913 0.01606000
913 531 0.01606000
531 933 0.05750000
933 531 0.05750000
531 944 0.04133000
944 531 0.04133000
531 947 0.05623000
947 531 0.05623000
531 974 0.05220000
974 531 0.05220000
530 559 0.07285000
559 530 0.07285000
530 638 0.05575000
638 530 0.05575000
530 639 0.03327000
639 530 0.03327000
530 782 0.05517000
782 530 0.05517000
530 794 0.02456000
794 530 0.02456000
530 937 0.06118000
937 530 0.06118000
529 548 0.06797000
548 529 0.06797000
529 557 0.06933000
557 529 0.06933000
529 592 0.04877000
592 529 0.04877000
529 726 0.06559000
726 529 0.06559000
529 769 0.03403000
769 529 0.03403000
529 880 0.03002000
880 529 0.03002000
528 590 0.06796000
590 528 0.06796000
528 596 0.05104000
596 528 0.05104000
528 666 0.02476000
666 528 0.02476000
528 698 0.07278000
698 528 0.07278000
528 791 0.04844000
791 528 0.04844000
528 867 0.03363000
867 528 0.03363000
528 989 0.06378000
989 528 0.06378000
527 536 0.04579000
536 527 0.04579000
527 684 0.03554000
684 527 0.03554000
527 712 0.03660000
712 527 0.03660000
527 865 0.02224000
865 527 0.02224000
527 916 0.03482000
916 527 0.03482000
527 950 0.06533000
950 527 0.06533000
526 613 0.06576000
613 526 0.06576000
526 659 0.03505000
659 526 0.03505000
526 696 0.02953000
696 526 0.02953000
526 721 0.02120000
721 526 0.02120000
526 742 0.06825000
742 526 0.06825000
526 787 0.06386000
787 526 0.06386000
526 829 0.06646000
829 526 0.06646000
526 841 0.04404000
841 526 0.04404000
526 930 0.04651000
930 526 0.04651000
525 606 0.06423000
606 525 0.06423000
525 678 0.05654000
678 525 0.05654000
525 752 0.03445000
752 525 0.03445000
525 789 0.06574000
789 525 0.06574000
525 801 0.06107000
801 525 0.06107000
525 836 0.05375000
836 525 0.05375000
525 839 0.06819000
839 525 0.06819000
525 860 0.06541000
860 525 0.06541000
525 932 0.04442000
932 525 0.04442000
525 934 0.06403000
934 525 0.06403000
525 973 0.06336000
973 525 0.06336000
525 986 0.04771000
986 525 0.04771000
524 545 0.04473000
545 524 0.04473000
524 563 0.03701000
563 524 0.03701000
524 565 0.05824000
565 524 0.05824000
524 588 0.03622000
588 524 0.03622000
524 642 0.06070000
642 524 0.06070000
524 664 0.04745000
664 524 0.04745000
524 691 0.05771000
691 524 0.05771000
524 705 0.06796000
705 524 0.06796000
524 768 0.04052000
768 524 0.04052000
524 781 0.05367000
781 524 0.05367000
524 908 0.06148000
908 524 0.06148000
524 914 0.02943000
914 524 0.02943000
524 928 0.05849000
928 524 0.05849000
524 983 0.07244000
983 524 0.07244000
524 988 0.01103000
988 524 0.01103000
523 556 0.03519000
556 523 0.03519000
523 570 0.06568000
570 523 0.06568000
523 581 0.06818000
581 523 0.06818000
523 668 0.06395000
668 523 0.06395000
523 821 0.04145000
821 523 0.04145000
523 874 0.07081000
874 523 0.07081000
523 886 0.03713000
886 523 0.03713000
523 894 0.03622000
894 523 0.03622000
523 936 0.04322000
936 523 0.04322000
523 965 0.03079000
965 523 0.03079000
522 655 0.04207000
655 522 0.04207000
522 738 0.02290000
738 522 0.02290000
522 741 0.06292000
741 522 0.06292000
522 826 0.04967000
826 522 0.04967000
522 868 0.07392000
868 522 0.07392000
522 940 0.06662000
940 522 0.06662000
521 545 0.07374000
545 521 0.07374000
521 560 0.06505000
560 521 0.06505000
521 565 0.07312000
565 521 0.07312000
521 568 0.01937000
568 521 0.01937000
521 599 0.07433000
599 521 0.07433000
521 647 0.00689000
647 521 0.00689000
521 682 0.05793000
682 521 0.05793000
521 694 0.05816000
694 521 0.05816000
521 896 0.05092000
896 521 0.05092000
520 537 0.06168000
537 520 0.06168000
520 600 0.04656000
600 520 0.04656000
520 603 0.04893000
603 520 0.04893000
520 636 0.04813000
636 520 0.04813000
520 724 0.04873000
724 520 0.04873000
520 777 0.05024000
777 520 0.05024000
520 786 0.01388000
786 520 0.01388000
520 858 0.06925000
858 520 0.06925000
520 887 0.02879000
887 520 0.02879000
520 892 0.02505000
892 520 0.02505000
520 898 0.06769000
898 520 0.06769000
520 964 0.05746000
964 520 0.05746000
520 977 0.05839000
977 520 0.05839000
519 625 0.02094000
625 519 0.02094000
519 631 0.06397000
631 519 0.06397000
519 796 0.04376000
796 519 0.04376000
519 834 0.06438000
834 519 0.06438000
518 585 0.05330000
585 518 0.05330000
518 608 0.03967000
608 518 0.03967000
518 654 0.05979000
654 518 0.05979000
518 756 0.04432000
756 518 0.04432000
518 963 0.03563000
963 518 0.03563000
518 968 0.07064000
968 518 0.07064000
517 537 0.06440000
537 517 0.06440000
517 561 0.01358000
561 517 0.01358000
517 564 0.06513000
564 517 0.06513000
517 572 0.07164000
572 517 0.07164000
517 583 0.05348000
583 517 0.05348000
517 856 0.02732000
856 517 0.02732000
517 875 0.03962000
875 517 0.03962000
517 956 0.03764000
956 517 0.03764000
517 964 0.07011000
964 517 0.07011000
516 538 0.04481000
538 516 0.04481000
516 584 0.06153000
584 516 0.06153000
516 635 0.02956000
635 516 0.02956000
516 645 0.03700000
645 516 0.03700000
516 748 0.02439000
748 516 0.02439000
516 764 0.04748000
764 516 0.04748000
516 783 0.01357000
783 516 0.01357000
516 807 0.02705000
807 516 0.02705000
516 972 0.04270000
972 516 0.04270000
515 520 0.01906000
520 515 0.01906000
515 537 0.05906000
537 515 0.05906000
515 600 0.05813000
600 515 0.05813000
515 603 0.05807000
603 515 0.05807000
515 636 0.06619000
636 515 0.06619000
515 724 0.06774000
724 515 0.06774000
515 777 0.03279000
777 515 0.03279000
515 786 0.03166000
786 515 0.03166000
515 795 0.07375000
795 515 0.07375000
515 858 0.06657000
858 515 0.06657000
515 887 0.04785000
887 515 0.04785000
515 892 0.02885000
892 515 0.02885000
515 964 0.06407000
964 515 0.06407000
515 977 0.04851000
977 515 0.04851000
514 578 0.06974000
578 514 0.06974000
514 675 0.01448000
675 514 0.01448000
514 840 0.06255000
840 514 0.06255000
514 883 0.07350000
883 514 0.07350000
514 891 0.02880000
891 514 0.02880000
514 926 0.05391000
926 514 0.05391000
514 952 0.05555000
952 514 0.05555000
514 994 0.06445000
994 514 0.06445000
513 548 0.05694000
548 513 0.05694000
513 557 0.02629000
557 513 0.02629000
513 587 0.05207000
587 513 0.05207000
513 726 0.06315000
726 513 0.06315000
513 769 0.06274000
769 513 0.06274000
513 818 0.03373000
818 513 0.03373000
513 962 0.00762000
962 513 0.00762000
512 516 0.03955000
516 512 0.03955000
512 536 0.05885000
536 512 0.05885000
512 538 0.03327000
538 512 0.03327000
512 584 0.02225000
584 512 0.02225000
512 635 0.06413000
635 512 0.06413000
512 661 0.06136000
661 512 0.06136000
512 722 0.07374000
722 512 0.07374000
512 748 0.06369000
748 512 0.06369000
512 764 0.02857000
764 512 0.02857000
512 783 0.03699000
783 512 0.03699000
512 807 0.03537000
807 512 0.03537000
512 972 0.02706000
972 512 0.02706000
511 643 0.04932000
643 511 0.04932000
511 672 0.04211000
672 511 0.04211000
511 776 0.02047000
776 511 0.02047000
511 784 0.06186000
784 511 0.06186000
511 808 0.05150000
808 511 0.05150000
511 824 0.02851000
824 511 0.02851000
511 850 0.03578000
850 511 0.03578000
511 852 0.04948000
852 511 0.04948000
511 901 0.03053000
901 511 0.03053000
511 906 0.06849000
906 511 0.06849000
511 919 0.02299000
919 511 0.02299000
511 949 0.06224000
949 511 0.06224000
511 954 0.06789000
954 511 0.06789000
510 513 0.03466000
513 510 0.03466000
510 529 0.05950000
529 510 0.05950000
510 548 0.02647000
548 510 0.02647000
510 557 0.04016000
557 510 0.04016000
510 587 0.05240000
587 510 0.05240000
510 592 0.06156000
592 510 0.06156000
510 726 0.03118000
726 510 0.03118000
510 731 0.06670000
731 510 0.06670000
510 769 0.03030000
769 510 0.03030000
510 798 0.06792000
798 510 0.06792000
510 818 0.02963000
818 510 0.02963000
510 871 0.06036000
871 510 0.06036000
510 880 0.06881000
880 510 0.06881000
510 962 0.02764000
962 510 0.02764000
509 531 0.04771000
531 509 0.04771000
509 656 0.06541000
656 509 0.06541000
509 680 0.06932000
680 509 0.06932000
509 877 0.07143000
877 509 0.07143000
509 882 0.04186000
882 509 0.04186000
509 895 0.07286000
895 509 0.07286000
509 897 0.07219000
897 509 0.07219000
509 913 0.03511000
913 509 0.03511000
508 559 0.03963000
559 508 0.03963000
508 570 0.04972000
570 508 0.04972000
508 639 0.05671000
639 508 0.05671000
508 730 0.02107000
730 508 0.02107000
508 885 0.01198000
885 508 0.01198000
508 937 0.06002000
937 508 0.06002000
507 574 0.03269000
574 507 0.03269000
507 609 0.07296000
609 507 0.07296000
507 671 0.02679000
671 507 0.02679000
507 690 0.05231000
690 507 0.05231000
507 700 0.05574000
700 507 0.05574000
507 723 0.04742000
723 507 0.04742000
507 816 0.05590000
816 507 0.05590000
507 819 0.05792000
819 507 0.05792000
507 846 0.02711000
846 507 0.02711000
507 923 0.04616000
923 507 0.04616000
507 946 0.03458000
946 507 0.03458000
507 990 0.03474000
990 507 0.03474000
506 533 0.04060000
533 506 0.04060000
506 547 0.02322000
547 506 0.02322000
506 713 0.03518000
713 506 0.03518000
506 971 0.01259000
971 506 0.01259000
506 985 0.05199000
985 506 0.05199000
505 550 0.06039000
550 505 0.06039000
505 589 0.02109000
589 505 0.02109000
505 593 0.06479000
593 505 0.06479000
505 640 0.04714000
640 505 0.04714000
505 847 0.03712000
847 505 0.03712000
504 627 0.01840000
627 504 0.01840000
504 671 0.05204000
671 504 0.05204000
504 704 0.07376000
704 504 0.07376000
504 723 0.05367000
723 504 0.05367000
504 819 0.05597000
819 504 0.05597000
504 881 0.00998000
881 504 0.00998000
504 904 0.07482000
904 504 0.07482000
504 923 0.03107000
923 504 0.03107000
504 948 0.06825000
948 504 0.06825000
504 969 0.02967000
969 504 0.02967000
504 987 0.05713000
987 504 0.05713000
504 990 0.06061000
990 504 0.06061000
503 536 0.07087000
536 503 0.07087000
503 584 0.06017000
584 503 0.06017000
503 595 0.07371000
595 503 0.07371000
503 661 0.03346000
661 503 0.03346000
503 735 0.03481000
735 503 0.03481000
502 637 0.06056000
637 502 0.06056000
502 688 0.03629000
688 502 0.03629000
502 692 0.06853000
692 502 0.06853000
502 843 0.06388000
843 502 0.06388000
502 957 0.05301000
957 502 0.05301000
501 526 0.06943000
526 501 0.06943000
501 665 0.05137000
665 501 0.05137000
501 697 0.05634000
697 501 0.05634000
501 721 0.07402000
721 501 0.07402000
501 742 0.04445000
742 501 0.04445000
501 832 0.05315000
832 501 0.05315000
501 842 0.05364000
842 501 0.05364000
501 930 0.06408000
930 501 0.06408000
500 530 0.06288000
530 500 0.06288000
500 564 0.05122000
564 500 0.05122000
500 646 0.05632000
646 500 0.05632000
500 937 0.05423000
937 500 0.05423000
500 999 0.02718000
999 500 0.02718000
499 619 0.03541000
619 499 0.03541000
499 624 0.05617000
624 499 0.05617000
499 678 0.02480000
678 499 0.02480000
499 718 0.07339000
718 499 0.07339000
499 752 0.06164000
752 499 0.06164000
499 753 0.06275000
753 499 0.06275000
499 767 0.05964000
767 499 0.05964000
499 801 0.02796000
801 499 0.02796000
499 860 0.01587000
860 499 0.01587000
499 890 0.05828000
890 499 0.05828000
499 907 0.05394000
907 499 0.05394000
499 932 0.04975000
932 499 0.04975000
499 934 0.02094000
934 499 0.02094000
498 566 0.06549000
566 498 0.06549000
498 629 0.03459000
629 498 0.03459000
498 740 0.07350000
740 498 0.07350000
498 749 0.07043000
749 498 0.07043000
498 760 0.05485000
760 498 0.05485000
498 771 0.04196000
771 498 0.04196000
498 836 0.06030000
836 498 0.06030000
497 543 0.04380000
543 497 0.04380000
497 674 0.06605000
674 497 0.06605000
497 701 0.05760000
701 497 0.05760000
497 706 0.01343000
706 497 0.01343000
497 766 0.06216000
766 497 0.06216000
497 833 0.06099000
833 497 0.06099000
497 888 0.03940000
888 497 0.03940000
497 933 0.06714000
933 497 0.06714000
497 947 0.05715000
947 497 0.05715000
497 959 0.05104000
959 497 0.05104000
497 998 0.05357000
998 497 0.05357000
496 582 0.01737000
582 496 0.01737000
496 638 0.05257000
638 496 0.05257000
496 685 0.05417000
685 496 0.05417000
496 737 0.06045000
737 496 0.06045000
496 750 0.07018000
750 496 0.07018000
496 782 0.03913000
782 496 0.03913000
496 848 0.05011000
848 496 0.05011000
496 951 0.03955000
951 496 0.03955000
495 504 0.01491000
504 495 0.01491000
495 627 0.01929000
627 495 0.01929000
495 671 0.06548000
671 495 0.06548000
495 723 0.06314000
723 495 0.06314000
495 803 0.06459000
803 495 0.06459000
495 819 0.06320000
819 495 0.06320000
495 881 0.01783000
881 495 0.01783000
495 923 0.04460000
923 495 0.04460000
495 948 0.06204000
948 495 0.06204000
495 969 0.02266000
969 495 0.02266000
495 970 0.07371000
970 495 0.07371000
495 987 0.05353000
987 495 0.05353000
495 990 0.07197000
990 495 0.07197000
494 578 0.06466000
578 494 0.06466000
494 591 0.01731000
591 494 0.01731000
494 648 0.05344000
648 494 0.05344000
494 840 0.03510000
840 494 0.03510000
494 855 0.02131000
855 494 0.02131000
494 883 0.05594000
883 494 0.05594000
494 884 0.04560000
884 494 0.04560000
494 911 0.03841000
911 494 0.03841000
494 925 0.04225000
925 494 0.04225000
494 926 0.06168000
926 494 0.06168000
494 960 0.05637000
960 494 0.05637000
493 543 0.04707000
543 493 0.